6
16
20
23
48
50
51
52
53
57
75
102
104
111
112
113
120
121
127
133
135
144
151
156
158
160
162
170
172
174
176
179
180
190
193
197
201
204
206
210
212
222
226
228
229
230
246
258
259
261
272
278
282
290
299
301
306
323
327
335
338
348
352
354
360
362
363
374
380
394
404
407
411
413
417
424
427
429
436
437
438
440
450
454
469
471
474
478
481
483
502
505
512
520
529
530
537
539
543
547
551
553
561
562
564
573
574
585
591
594
600
606
614
618
624
631
636
643
655
659
662
668
689
690
699
705
708
718
719
720
725
726
745
747
755
767
786
787
799
808
812
815
817
825
831
842
855
862
863
869
873
877
889
890
894
902
903
926
934
938
951
953
956
967
975
981
983
987
1007
1011
1014
1017
1022
1025
1033
1038
1046
1054
1055
1059
1061
1064
1070
1074
1080
1081
1082
1084
1088
1089
1097
1108
1110
1112
1122
1126
1133
1140
1144
1156
1163
1166
1170
1172
1178
1194
1196
1199
1203
1214
1221
1228
1236
1246
1255
1267
1271
1278
1280
1281
1301
1303
1312
1326
1337
1338
1341
1350
1352
1364
1371
1373
1374
1400
1402
1411
1413
1414
1419
1420
1423
1425
1429
1435
1437
1442
1444
1457
1458
1462
1464
1466
1467
1470
1472
1491
1493
1502
1506
1516
1526
1530
1535
1543
1547
1558
1562
1566
1569
1570
1575
1577
1581
1583
1593
1606
1610
1611
1626
1628
1636
1647
1653
1656
1658
1660
1669
1679
1681
1682
1683
1690
1702
1705
1706
1710
1711
1716
1718
1726
1728
1730
1745
1747
1752
1760
1761
1762
1763
1767
1771
1795
1798
1806
1812
1822
1824
1834
1836
1844
1846
1850
1852
1874
1890
1892
1894
1904
1923
1934
1939
1948
1958
1969
1972
1974
1979
1980
1982
1986
1993
1996
2020
2026
2029
2034
2044
2046
2052
2058
2064
2069
2086
2090
2095
2096
2099
2100
2103
2108
2114
2116
2126
2128
2129
2133
2135
2138
2139
2142
2152
2156
2161
2164
2168
2170
2171
2177
2180
2187
2188
2189
2207
2215
2226
2228
2232
2235
2236
2238
2248
2256
2260
2263
2267
2277
2303
2305
2308
2310
2314
2316
2321
2332
2340
2351
2356
2368
2380
2390
2394
2404
2409
2416
2426
2434
2441
2443
2445
2447
2451
2452
2460
2462
2466
2467
2471
2472
2481
2489
2491
2496
2505
2517
2526
2532
2537
2539
2546
2548
2552
2553
2567
2569
2571
2576
2585
2587
2591
2598
2599
2600
2603
2608
2621
2623
2625
2630
2632
2634
2644
2646
2663
2668
2679
2685
2688
2694
2702
2708
2712
2716
2720
2723
2724
2726
2729
2739
2741
2742
2743
2744
2748
2756
2762
2771
2777
2779
2782
2787
2789
2791
2801
2803
2805
2830
2832
2833
2841
2848
2851
2853
2857
2863
2872
2873
2878
2880
2889
2891
2901
2905
2916
2918
2930
2935
2950
2956
2964
2977
2980
2990
2994
2997
3002
3004
3010
3016
3028
3030
3032
3037
3039
3043
3046
3059
3061
3072
3080
3085
3087
3095
3096
3113
3118
3122
3134
3138
3152
3169
3172
3184
3188
3191
3192
3194
3201
3205
3209
3211
3213
3227
3237
3242
3262
3264
3265
3293
3296
3302
3304
3306
3319
3321
3326
3329
3330
3336
3337
3341
3350
3360
3362
3364
3366
3372
3378
3384
3388
3390
3400
3408
3410
3414
3415
3417
3434
3445
3451
3467
3469
3473
3484
3489
3494
3500
3512
3516
3520
3531
3534
3535
3542
3569
3571
3575
3580
3583
3589
3597
3599
3600
3605
3609
3610
3617
3621
3626
3636
3648
3654
3664
3665
3669
3678
3679
3683
3687
3689
3691
3693
3694
3700
3706
3714
3721
3726
3728
3733
3746
3751
3755
3760
3764
3768
3772
3781
3791
3794
3796
3808
3830
3833
3834
3842
3843
3854
3857
3858
3871
3874
3876
3882
3885
3897
3915
3916
3920
3922
3929
3930
3931
3933
3935
3943
3945
3947
3957
3962
3966
3970
3974
3977
3979
3988
3990
3997
3999
4002
4010
4020
4021
4027
4040
4048
4052
4066
4073
4075
4079
4084
4088
4095
4099
4112
4119
4127
4134
4136
4138
4140
4148
4152
4154
4158
4160
4162
4163
4168
4173
4175
4177
4184
4185
4198
4218
4222
4227
4231
4233
4235
4237
4239
4241
4251
4261
4265
4276
4281
4285
4287
4288
4289
4295
4298
4315
4317
4328
4338
4339
4344
4351
4372
4375
4388
4393
4396
4399
4403
4407
4408
4424
4426
4431
4437
4441
4463
4465
4467
4478
4482
4490
4506
4508
4512
4515
4519
4521
4524
4539
4542
4546
4547
4554
4560
4564
4580
4583
4587
4589
4599
4601
4607
4613
4615
4624
4626
4628
4631
4632
4634
4639
4652
4663
4665
4669
4671
4683
4686
4694
4699
4701
4702
4707
4710
4714
4720
4723
4727
4729
4733
4741
4742
4743
4752
4760
4761
4766
4772
4776
4780
4795
4804
4814
4815
4816
4834
4850
4855
4857
4861
4863
4867
4880
4882
4890
4891
4893
4897
4905
4908
4909
4913
4919
4921
4929
4944
4946
4949
4958
4966
4967
4977
4984
4990
4995
4997
5000
5009
5013
5028
5037
5042
5066
5070
5072
5089
5090
5098
5106
5117
5120
5122
5156
5159
5163
5167
5173
5177
5184
5201
5205
5220
5224
5228
5232
5236
5240
5248
5259
5261
5271
5275
5294
5295
5303
5305
5310
5316
5330
5331
5344
5347
5350
5354
5359
5372
5386
5391
5397
5405
5417
5430
5431
5434
5448
5451
5452
5454
5455
5461
5469
5474
5480
5486
5489
5493
5496
5501
5506
5519
5523
5526
5527
5541
5548
5559
5562
5577
5580
5590
5607
5614
5623
5625
5627
5630
5634
5635
5646
5647
5649
5653
5661
5665
5669
5671
5677
5694
5698
5700
5706
5712
5713
5715
5733
5740
5743
5749
5751
5758
5760
5764
5768
5773
5782
5788
5795
5799
5804
5817
5824
5827
5829
5843
5851
5856
5860
5861
5863
5881
5889
5892
5894
5898
5901
5906
5908
5916
5918
5925
5926
5930
5933
5945
5946
5956
5963
5969
5974
5977
5978
5982
5988
5990
6003
6016
6018
6026
6031
6034
6049
6050
6052
6056
6057
6059
6062
6071
6088
6090
6102
6105
6111
6112
6115
6122
6124
6126
6130
6146
6155
6158
6164
6165
6169
6171
6174
6178
6183
6200
6203
6207
6209
6216
6222
6238
6240
6244
6256
6260
6273
6293
6295
6301
6307
6308
6313
6317
6319
6325
6327
6329
6333
6337
6342
6357
6358
6359
6360
6370
6377
6385
6387
6392
6393
6402
6404
6417
6419
6420
6422
6424
6426
6430
6432
6442
6452
6453
6465
6467
6469
6471
6473
6485
6488
6495
6499
6506
6511
6521
6524
6532
6542
6543
6545
6551
6552
6555
6558
6564
6571
6573
6575
6580
6594
6619
6630
6632
6633
6643
6647
6649
6653
6661
6662
6670
6673
6677
6679
6702
6706
6708
6714
6718
6726
6733
6739
6746
6760
6784
6794
6800
6808
6809
6810
6818
6822
6871
6880
6885
6888
6889
6895
6903
6910
6928
6933
6937
6939
6941
6943
6948
6950
6956
6958
6962
6966
6983
6987
7002
7006
7014
7024
7029
7033
7035
7036
7046
7054
7066
7075
7078
7079
7081
7086
7095
7096
7103
7121
7158
7177
7179
7183
7189
7195
7197
7199
7203
7213
7215
7235
7237
7246
7247
7257
7276
7281
7283
7286
7288
7307
7315
7318
7320
7326
7329
7332
7335
7340
7344
7346
7347
7357
7361
7371
7381
7382
7383
7391
7395
7399
7403
7411
7413
7421
7427
7430
7438
7440
7443
7448
7461
7464
7466
7468
7476
7478
7485
7495
7499
7503
7514
7516
7521
7525
7527
7532
7535
7538
7545
7547
7554
7565
7568
7583
7590
7592
7593
7594
7596
7598
7599
7606
7617
7626
7632
7640
7644
7659
7663
7665
7677
7681
7690
7702
7703
7718
7720
7730
7734
7761
7772
7774
7780
7788
7800
7809
7811
7817
7821
7823
7830
7835
7839
7842
7855
7858
7866
7874
7878
7880
7889
7911
7921
7934
7936
7940
7956
7958
7967
7969
7971
7972
7977
7981
7983
7990
7999
8001
8015
8019
8026
8029
8039
8041
8046
8047
8054
8056
8060
8062
8066
8082
8083
8086
8093
8099
8100
8103
8106
8112
8119
8126
8137
8140
8147
8150
8151
8162
8165
8169
8173
8177
8179
8187
8191
8192
8202
8204
8216
8228
8231
8234
8237
8238
8243
8254
8256
8262
8264
8279
8282
8284
8287
8296
8300
8301
8302
8307
8308
8315
8317
8323
8327
8335
8337
8341
8348
8350
8353
8355
8364
8368
8372
8381
8384
8388
8392
8405
8425
8427
8431
8436
8440
8442
8444
8449
8451
8458
8459
8470
8472
8491
8492
8497
8499
8503
8510
8512
8515
8518
8522
8526
8532
8539
8544
8545
8553
8555
8563
8565
8578
8587
8595
8597
8599
8603
8607
8610
8617
8619
8627
8630
8633
8639
8643
8645
8647
8657
8665
8675
8687
8698
8702
8706
8712
8716
8720
8721
8725
8730
8733
8748
8750
8755
8758
8760
8767
8770
8785
8788
8790
8800
8812
8814
8818
8821
8830
8843
8847
8849
8857
8859
8860
8870
8874
8880
8882
8884
8891
8893
8900
8903
8908
8917
8927
8929
8932
8935
8939
8966
8972
8975
8977
8983
8987
8996
8998
9003
9010
9013
9018
9027
9044
9051
9054
9056
9060
9068
9089
9095
9111
9120
9121
9132
9136
9144
9148
9150
9154
9155
9157
9163
9164
9166
9168
9181
9189
9194
9199
9202
9231
9245
9249
9250
9266
9267
9268
9278
9282
9286
9299
9316
9318
9322
9329
9330
9333
9348
9361
9363
9367
9373
9381
9386
9403
9407
9408
9415
9417
9421
9425
9429
9456
9458
9460
9474
9480
9482
9488
9497
9501
9503
9509
9515
9519
9534
9538
9540
9542
9543
9545
9549
9551
9556
9564
9565
9566
9574
9583
9587
9590
9591
9597
9606
9610
9611
9613
9617
9619
9626
9628
9633
9639
9640
9645
9653
9655
9669
9681
9689
9692
9699
9704
9709
9712
9714
9716
9720
9721
9726
9728
9740
9742
9744
9746
9756
9762
9764
9766
9768
9773
9775
9777
9783
9784
9790
9805
9811
9815
9819
9823
9833
9837
9842
9849
9852
9869
9872
9883
9901
9904
9911
9922
9924
9926
9931
9949
9953
9971
9977
9980
9991
9994
9998
10003
10005
10012
10014
10024
10026
10030
10036
10038
10042
10045
10047
10058
10061
10063
10071
10075
10086
10089
10093
10095
10097
10101
10106
10108
10112
10119
10122
10129
10131
10133
10144
10149
10151
10153
10163
10167
10186
10188
10190
10195
10205
10215
10222
10228
10229
10232
10238
10239
10253
10255
10262
10265
10269
10276
10281
10285
10287
10289
10291
10294
10297
10306
10308
10316
10332
10334
10336
10340
10342
10343
10344
10349
10357
10358
10367
10368
10370
10373
10377
10379
10389
10391
10398
10406
10408
10410
10413
10420
10421
10423
10425
10431
10435
10438
10441
10453
10461
10465
10472
10474
10487
10499
10507
10515
10516
10517
10523
10525
10529
10532
10543
10553
10558
10562
10564
10566
10570
10572
10590
10596
10597
10599
10602
10606
10609
10612
10614
10620
10627
10630
10648
10650
10656
10659
10662
10667
10674
10675
10683
10691
10692
10695
10698
10706
10708
10709
10710
10718
10726
10729
10730
10734
10749
10753
10754
10756
10764
10766
10772
10775
10776
10782
10783
10785
10789
10793
10800
10805
10807
10811
10815
10817
10819
10821
10835
10841
10844
10850
10854
10855
10860
10863
10872
10879
10881
10885
10887
10902
10906
10911
10915
10917
10918
10923
10932
10936
10940
10945
10956
10964
10966
10993
11000
11001
11005
11009
11013
11015
11026
11039
11043
11049
11054
11058
11069
11094
11099
11101
11102
11109
11113
11115
11117
11123
11128
11132
11140
11141
11142
11150
11162
11163
11165
11169
11184
11199
11202
11209
11215
11221
11227
11233
11247
11250
11251
11254
11257
11265
11270
11274
11282
11296
11298
11304
11305
11313
11316
11317
11322
11326
11330
11351
11355
11356
11359
11362
11371
11374
11379
11385
11396
11400
11404
11415
11427
11435
11438
11445
11459
11461
11470
11473
11475
11487
11491
11511
11513
11517
11523
11530
11542
11556
11560
11564
11568
11570
11577
11578
11580
11595
11597
11612
11613
11620
11624
11633
11636
11638
11639
11641
11643
11656
11659
11661
11667
11668
11686
11690
11715
11717
11721
11725
11728
11746
11748
11769
11771
11777
11782
11785
11791
11796
11797
11801
11804
11812
11824
11830
11836
11840
11843
11848
11850
11852
11857
11862
11863
11868
11883
11884
11886
11888
11889
11891
11894
11898
11915
11921
11924
11925
11930
11935
11942
11945
11950
11958
11960
11962
11964
11969
11973
11975
11977
11980
11988
11989
11997
12000
12001
12021
12022
12027
12033
12035
12039
12048
12059
12071
12072
12089
12095
12101
12110
12117
12128
12130
12134
12139
12146
12151
12157
12167
12176
12177
12181
12182
12188
12192
12211
12219
12229
12240
12250
12253
12262
12271
12277
12278
12280
12284
12288
12291
12299
12302
12303
12306
12308
12319
12330
12331
12335
12337
12339
12341
12344
12351
12353
12356
12357
12359
12367
12369
12377
12378
12381
12385
12387
12389
12390
12393
12395
12398
12399
12405
12414
12420
12421
12423
12437
12439
12454
12458
12461
12462
12464
12469
12477
12482
12484
12487
12488
12493
12498
12510
12528
12529
12542
12546
12554
12558
12562
12566
12574
12590
12596
12602
12604
12612
12622
12631
12635
12642
12649
12655
12667
12669
12671
12673
12675
12676
12688
12696
12699
12700
12703
12708
12711
12724
12732
12733
12734
12737
12743
12745
12750
12756
12758
12760
12767
12769
12781
12783
12789
12792
12800
12802
12805
12808
12809
12815
12829
12833
12836
12837
12845
12851
12855
12860
12870
12891
12897
12899
12901
12920
12928
12930
12939
12947
12949
12957
12959
12965
12969
12970
12973
12975
12978
12983
12987
12989
12994
13000
13002
13012
13015
13016
13022
13024
13028
13029
13032
13035
13041
13042
13047
13048
13053
13055
13056
13062
13066
13071
13078
13083
13088
13095
13104
13108
13109
13110
13116
13117
13122
13126
13130
13141
13143
13149
13159
13165
13169
13171
13179
13181
13185
13195
13198
13200
13202
13205
13206
13210
13219
13229
13230
13236
13241
13245
13248
13252
13259
13270
13281
13286
13292
13296
13300
13312
13314
13319
13322
13324
13349
13350
13354
13358
13380
13383
13387
13389
13395
13406
13408
13412
13415
13420
13424
13425
13428
13431
13434
13441
13449
13450
13452
13466
13471
13482
13488
13501
13516
13519
13520
13528
13541
13544
13554
13558
13566
13569
13574
13579
13580
13586
13592
13595
13610
13626
13630
13642
13647
13650
13662
13665
13669
13671
13679
13682
13684
13693
13704
13707
13710
13716
13724
13729
13732
13737
13743
13747
13757
13758
13764
13778
13782
13785
13790
13792
13797
13801
13804
13805
13811
13815
13818
13828
13843
13849
13862
13868
13875
13878
13891
13894
13902
13906
13916
13919
13923
13931
13933
13934
13940
13948
13970
13972
13981
13992
14001
14003
14017
14030
14036
14040
14054
14069
14073
14093
14098
14100
14106
14108
14113
14119
14121
14125
14126
14129
14137
14139
14141
14145
14148
14149
14150
14156
14165
14171
14179
14181
14189
14201
14203
14205
14207
14221
14226
14237
14245
14255
14259
14263
14265
14271
14274
14278
14283
14287
14288
14289
14291
14293
14302
14304
14306
14308
14311
14313
14324
14336
14353
14366
14378
14382
14387
14391
14397
14399
14409
14418
14442
14444
14456
14461
14467
14468
14472
14482
14483
14485
14491
14493
14495
14499
14504
14506
14510
14517
14521
14524
14532
14534
14538
14541
14544
14546
14556
14562
14565
14579
14580
14584
14592
14595
14598
14606
14609
14615
14624
14633
14637
14647
14653
14657
14659
14661
14663
14665
14669
14677
14684
14688
14698
14705
14711
14712
14730
14742
14747
14753
14754
14755
14761
14770
14772
14780
14784
14791
14802
14817
14823
14831
14855
14856
14859
14862
14868
14870
14878
14882
14886
14897
14903
14905
14909
14910
14916
14924
14926
14929
14932
14936
14944
14960
14961
14965
14967
14969
14970
14972
14976
14979
14982
14983
14988
14994
14999
15010
15016
15018
15023
15024
15025
15034
15040
15041
15042
15054
15058
15062
15066
15070
15071
15073
15079
15086
15095
15101
15106
15114
15115
15117
15118
15119
15121
15127
15129
15136
15142
15143
15151
15165
15171
15178
15179
15181
15194
15196
15201
15204
15205
15212
15222
15228
15233
15244
15249
15256
15263
15273
15275
15276
15280
15281
15297
15299
15309
15316
15320
15324
15333
15341
15350
15352
15359
15366
15368
15371
15377
15383
15389
15394
15404
15410
15412
15414
15424
15433
15437
15443
15453
15454
15468
15474
15479
15481
15482
15483
15485
15486
15491
15495
15504
15506
15508
15513
15515
15519
15525
15527
15529
15531
15535
15551
15557
15561
15567
15575
15577
15579
15582
15592
15601
15602
15608
15611
15623
15627
15628
15641
15653
15662
15664
15671
15677
15680
15682
15687
15688
15694
15695
15700
15712
15724
15727
15729
15733
15740
15743
15745
15748
15751
15762
15768
15780
15782
15786
15790
15794
15796
15804
15806
15812
15826
15827
15835
15837
15839
15847
15850
15857
15867
15872
15875
15885
15887
15889
15893
15896
15897
15901
15903
15905
15926
15935
15938
15940
15949
15951
15952
15956
15961
15971
15989
15991
15995
15998
15999
16001
16005
16007
16022
16028
16034
16040
16048
16052
16054
16056
16060
16064
16067
16069
16075
16079
16084
16085
16091
16101
16121
16122
16134
16139
16141
16147
16152
16162
16164
16174
16175
16180
16182
16200
16205
16211
16215
16220
16224
16228
16231
16235
16236
16249
16250
16257
16259
16270
16275
16285
16287
16290
16295
16302
16305
16307
16309
16315
16318
16322
16338
16342
16347
16361
16363
16374
16380
16381
16397
16406
16419
16421
16426
16438
16441
16442
16446
16453
16467
16485
16489
16490
16494
16499
16510
16521
16528
16529
16531
16535
16537
16542
16543
16545
16553
16554
16562
16571
16578
16582
16584
16586
16589
16591
16597
16603
16616
16618
16620
16622
16626
16629
16631
16633
16634
16635
16640
16642
16647
16648
16654
16659
16672
16679
16681
16683
16685
16693
16699
16714
16721
16731
16733
16737
16739
16743
16745
16759
16763
16769
16773
16775
16779
16780
16781
16786
16788
16795
16803
16815
16820
16822
16829
16830
16840
16842
16850
16853
16860
16864
16874
16880
16882
16884
16888
16894
16896
16900
16906
16910
16915
16925
16931
16933
16936
16954
16956
16958
16959
16964
16972
16975
16984
16989
16998
17013
17020
17030
17032
17037
17045
17057
17059
17074
17084
17091
17098
17101
17105
17121
17122
17130
17133
17139
17149
17159
17165
17170
17180
17187
17190
17199
17202
17203
17205
17209
17220
17229
17237
17245
17252
17259
17284
17286
17291
17295
17304
17306
17309
17316
17318
17322
17327
17337
17347
17348
17351
17353
17363
17369
17371
17372
17373
17380
17384
17394
17395
17406
17418
17422
17424
17426
17431
17433
17447
17450
17454
17457
17481
17483
17486
17495
17499
17501
17505
17508
17515
17517
17523
17525
17530
17545
17548
17553
17556
17560
17561
17567
17577
17579
17587
17604
17610
17615
17620
17622
17626
17632
17634
17640
17644
17646
17650
17655
17657
17660
17661
17668
17675
17681
17683
17686
17689
17693
17702
17703
17705
17706
17709
17711
17714
17719
17722
17730
17744
17753
17762
17764
17774
17775
17777
17780
17783
17791
17801
17807
17825
17829
17831
17833
17837
17843
17851
17853
17857
17868
17871
17879
17881
17893
17895
17911
17915
17926
17928
17936
17938
17941
17945
17946
17949
17955
17972
17977
17978
17979
17983
17989
17991
17997
18000
18001
18003
18005
18009
18011
18015
18017
18019
18022
18044
18048
18053
18056
18068
18076
18078
18085
18086
18088
18094
18096
18103
18105
18110
18114
18117
18127
18129
18151
18155
18168
18171
18184
18187
18192
18200
18206
18212
18213
18220
18227
18229
18230
18241
18243
18247
18265
18269
18276
18281
18282
18283
18289
18291
18292
18306
18309
18313
18318
18320
18322
18324
18331
18334
18337
18339
18342
18343
18351
18353
18366
18369
18383
18385
18393
18398
18400
18402
18403
18408
18411
18412
18429
18433
18445
18450
18452
18454
18457
18475
18478
18484
18491
18493
18496
18501
18507
18508
18516
18521
18523
18524
18527
18534
18546
18547
18559
18561
18567
18571
18574
18583
18585
18588
18613
18615
18630
18638
18642
18645
18653
18656
18664
18668
18672
18676
18682
18683
18686
18701
18703
18707
18709
18714
18716
18718
18720
18739
18742
18751
18755
18781
18783
18792
18794
18808
18811
18819
18821
18823
18829
18830
18843
18847
18864
18866
18872
18874
18879
18883
18889
18895
18901
18903
18904
18906
18914
18919
18928
18933
18947
18954
18960
18964
18966
18973
18978
18989
18995
18997
18999
19005
19009
19011
19013
19016
19030
19042
19045
19051
19053
19055
19079
19080
19081
19092
19093
19097
19100
19108
19110
19119
19122
19124
19128
19136
19146
19147
19149
19155
19157
19169
19171
19174
19177
19179
19181
19183
19184
19189
19190
19191
19198
19201
19206
19220
19226
19227
19231
19236
19238
19243
19247
19249
19260
19262
19288
19295
19316
19320
19331
19337
19348
19350
19354
19360
19362
19374
19376
19387
19389
19397
19399
19410
