7259
0
2
8
10
12
17
18
21
24
26
28
30
32
34
35
37
38
39
40
43
44
46
55
58
59
64
65
66
68
70
72
73
74
77
86
87
89
92
94
96
98
105
114
119
123
129
131
134
136
138
140
141
148
164
168
173
183
184
185
188
189
195
198
199
203
208
214
218
220
223
225
232
233
235
237
239
241
242
244
245
247
250
251
253
255
257
262
265
267
269
274
276
280
283
287
289
291
295
296
297
303
305
309
311
313
315
317
318
319
321
325
330
331
333
336
337
340
342
343
344
345
349
350
356
358
364
366
368
370
372
373
376
378
382
384
386
388
392
395
396
397
399
401
403
405
409
414
419
421
423
425
431
433
435
442
444
446
448
452
453
456
463
465
467
470
472
476
477
479
485
486
488
491
493
496
497
499
500
504
506
509
514
515
517
518
522
523
524
526
528
532
534
541
545
546
549
552
556
558
566
569
570
577
578
580
582
584
589
592
598
602
611
616
621
622
626
627
628
630
638
641
645
652
657
658
664
670
672
674
676
678
680
684
686
694
695
700
702
704
712
713
714
716
722
724
730
731
733
735
736
737
739
741
742
750
751
757
759
760
769
770
773
776
778
779
780
782
784
791
793
795
797
803
804
806
810
816
819
820
821
827
832
833
835
837
838
840
841
844
846
850
857
859
860
867
868
871
879
881
883
892
896
898
908
909
912
914
917
918
919
920
922
924
930
932
936
940
942
944
946
949
958
961
963
965
968
969
973
977
978
985
986
989
991
992
995
999
1002
1008
1010
1012
1015
1018
1020
1023
1027
1028
1029
1035
1040
1041
1042
1044
1047
1049
1050
1051
1053
1057
1063
1066
1068
1069
1076
1078
1086
1091
1093
1095
1098
1099
1103
1105
1107
1114
1116
1118
1120
1124
1128
1129
1130
1136
1139
1141
1145
1149
1151
1153
1155
1158
1160
1162
1164
1168
1174
1176
1179
1180
1184
1186
1188
1190
1197
1198
1201
1205
1207
1212
1213
1215
1217
1229
1231
1243
1244
1249
1251
1253
1258
1259
1260
1273
1275
1276
1283
1284
1288
1289
1290
1291
1293
1305
1307
1314
1317
1319
1323
1324
1328
1330
1333
1335
1340
1343
1345
1347
1348
1355
1356
1360
1362
1365
1367
1369
1376
1378
1380
1382
1388
1391
1394
1396
1398
1404
1406
1408
1410
1415
1421
1426
1436
1446
1447
1450
1452
1453
1455
1456
1460
1471
1474
1475
1477
1480
1482
1484
1486
1489
1494
1495
1497
1504
1508
1515
1518
1520
1522
1524
1534
1536
1538
1541
1544
1548
1549
1551
1553
1555
1560
1564
1568
1571
1573
1574
1579
1586
1587
1588
1596
1598
1600
1601
1603
1604
1608
1616
1617
1622
1623
1624
1627
1630
1633
1634
1640
1643
1645
1651
1662
1664
1666
1667
1670
1672
1673
1675
1685
1688
1693
1697
1700
1704
1708
1723
1724
1731
1732
1734
1735
1736
1738
1739
1740
1742
1749
1751
1754
1758
1765
1769
1773
1775
1777
1782
1787
1789
1791
1793
1797
1799
1801
1803
1808
1809
1813
1814
1818
1825
1826
1828
1830
1838
1848
1855
1857
1858
1860
1863
1864
1868
1869
1872
1876
1878
1880
1884
1886
1888
1896
1898
1900
1901
1902
1907
1909
1911
1915
1917
1919
1920
1921
1925
1927
1928
1931
1932
1938
1941
1942
1944
1946
1947
1950
1952
1954
1960
1962
1964
1966
1967
1976
1977
1983
1984
1988
1990
1994
1998
2001
2003
2007
2010
2013
2014
2018
2021
2027
2030
2035
2037
2039
2040
2043
2048
2056
2060
2062
2066
2068
2071
2073
2075
2077
2079
2082
2088
2091
2093
2098
2104
2106
2110
2119
2121
2124
2131
2132
2140
2146
2150
2154
2158
2162
2167
2174
2176
2178
2183
2185
2190
2195
2198
2200
2202
2204
2210
2214
2217
2219
2222
2224
2230
2233
2234
2240
2241
2242
2244
2246
2250
2252
2254
2257
2262
2264
2265
2269
2271
2273
2275
2278
2279
2281
2283
2285
2287
2289
2291
2296
2313
2317
2319
2322
2323
2324
2326
2327
2330
2336
2342
2346
2347
2349
2357
2360
2362
2364
2370
2372
2374
2376
2385
2386
2388
2392
2396
2397
2402
2413
2417
2418
2420
2422
2424
2429
2430
2432
2436
2437
2439
2446
2457
2469
2474
2476
2478
2483
2485
2494
2497
2498
2502
2507
2509
2516
2519
2521
2523
2524
2527
2528
2530
2536
2542
2544
2547
2550
2556
2557
2561
2563
2564
2565
2573
2574
2579
2582
2583
2593
2594
2596
2602
2606
2610
2612
2614
2615
2619
2627
2628
2636
2638
2640
2642
2648
2649
2652
2654
2657
2659
2665
2666
2669
2671
2675
2676
2677
2681
2683
2687
2698
2714
2718
2728
2731
2733
2735
2737
2746
2750
2754
2760
2766
2768
2770
2773
2775
2776
2781
2785
2792
2794
2796
2809
2810
2811
2813
2815
2817
2818
2819
2821
2824
2826
2835
2837
2843
2845
2847
2855
2859
2865
2867
2870
2874
2882
2885
2887
2894
2895
2897
2898
2899
2902
2908
2912
2913
2919
2920
2924
2926
2927
2932
2936
2938
2940
2944
2948
2952
2953
2960
2962
2965
2967
2969
2971
2975
2978
2982
2984
2985
2986
2992
2998
3000
3001
3006
3007
3014
3015
3020
3026
3033
3041
3047
3048
3054
3056
3063
3067
3068
3074
3076
3078
3083
3098
3101
3102
3106
3108
3110
3111
3115
3119
3124
3127
3129
3131
3133
3140
3142
3146
3148
3153
3154
3156
3158
3161
3167
3173
3175
3176
3178
3181
3182
3185
3186
3203
3206
3207
3215
3216
3218
3220
3221
3224
3229
3230
3232
3235
3241
3245
3246
3247
3256
3258
3261
3266
3268
3274
3276
3281
3283
3286
3288
3289
3290
3294
3298
3299
3308
3309
3310
3312
3313
3315
3331
3333
3335
3343
3345
3346
3347
3352
3356
3357
3358
3365
3368
3370
3375
3376
3380
3381
3382
3386
3394
3396
3397
3401
3402
3404
3406
3412
3416
3419
3421
3422
3423
3427
3436
3439
3440
3442
3443
3447
3454
3459
3461
3464
3465
3474
3476
3478
3480
3482
3483
3486
3488
3490
3496
3502
3503
3506
3510
3514
3518
3524
3525
3529
3533
3537
3538
3539
3546
3548
3549
3551
3552
3553
3556
3557
3560
3561
3562
3565
3573
3574
3582
3591
3593
3594
3595
3602
3604
3611
3613
3614
3624
3630
3632
3637
3639
3641
3642
3644
3646
3650
3652
3656
3660
3662
3675
3676
3681
3685
3696
3698
3701
3702
3703
3708
3710
3713
3718
3720
3724
3727
3731
3732
3737
3740
3742
3743
3747
3749
3752
3753
3762
3766
3770
3773
3774
3776
3778
3779
3780
3783
3784
3786
3789
3802
3804
3811
3815
3817
3819
3821
3823
3825
3835
3837
3839
3841
3845
3848
3852
3861
3864
3867
3868
3872
3878
3879
3886
3890
3893
3896
3902
3904
3905
3909
3911
3924
3926
3927
3937
3938
3939
3941
3950
3954
3958
3961
3964
3965
3968
3972
3983
3984
3985
3986
3992
3995
3998
4000
4005
4006
4008
4013
4016
4018
4022
4024
4025
4029
4031
4033
4043
4046
4049
4053
4055
4060
4062
4064
4068
4072
4077
4081
4082
4086
4090
4092
4097
4101
4102
4104
4106
4108
4110
4114
4116
4120
4125
4129
4135
4143
4145
4147
4150
4156
4165
4166
4179
4183
4189
4193
4195
4200
4202
4205
4207
4212
4216
4223
4229
4244
4247
4249
4252
4253
4257
4259
4262
4264
4269
4271
4273
4275
4279
4282
4283
4293
4297
4302
4305
4309
4313
4319
4321
4325
4332
4335
4337
4340
4347
4349
4350
4353
4356
4358
4362
4364
4368
4369
4370
4377
4381
4382
4391
4394
4397
4401
4410
4413
4419
4421
4422
4427
4428
4433
4435
4438
4440
4448
4450
4452
4455
4457
4461
4466
4472
4474
4475
4477
4484
4485
4489
4492
4493
4495
4499
4500
4504
4510
4514
4517
4523
4526
4535
4540
4543
4545
4549
4551
4553
4556
4558
4565
4567
4569
4574
4579
4581
4584
4590
4591
4595
4596
4597
4604
4609
4611
4616
4618
4619
4622
4629
4637
4641
4643
4647
4649
4653
4655
4656
4659
4661
4667
4672
4676
4678
4680
4681
4692
4695
4697
4703
4705
4709
4712
4713
4716
4718
4719
4725
4731
4735
4737
4745
4747
4748
4751
4755
4758
4763
4773
4778
4782
4788
4790
4794
4797
4800
4802
4806
4810
4819
4820
4824
4826
4828
4831
4832
4836
4838
4842
4844
4846
4849
4852
4853
4858
4864
4865
4869
4871
4872
4876
4885
4886
4894
4895
4899
4900
4903
4906
4910
4912
4915
4918
4922
4924
4931
4932
4933
4935
4937
4938
4940
4942
4947
4951
4952
4954
4956
4960
4963
4964
4969
4978
4981
4983
4985
4987
4991
5002
5004
5006
5007
5012
5015
5017
5021
5022
5023
5025
5030
5032
5035
5036
5038
5040
5052
5054
5055
5058
5059
5061
5062
5068
5073
5075
5077
5079
5082
5084
5086
5093
5094
5096
5100
5102
5103
5108
5111
5112
5114
5119
5125
5127
5129
5132
5133
5136
5138
5141
5145
5149
5151
5152
5154
5160
5165
5169
5174
5181
5187
5189
5192
5193
5195
5197
5199
5203
5206
5208
5210
5212
5213
5215
5219
5222
5226
5230
5238
5244
5246
5250
5253
5256
5263
5265
5267
5272
5279
5281
5286
5287
5289
5290
5292
5298
5299
5301
5307
5311
5312
5314
5317
5320
5322
5327
5329
5333
5334
5337
5339
5341
5342
5356
5360
5361
5363
5365
5367
5368
5370
5371
5374
5376
5378
5380
5382
5388
5389
5393
5395
5399
5401
5403
5407
5411
5415
5418
5419
5421
5423
5425
5427
5429
5433
5435
5437
5438
5439
5441
5443
5445
5446
5463
5465
5467
5468
5471
5473
5476
5478
5482
5484
5488
5490
5492
5498
5500
5503
5504
5511
5514
5515
5521
5525
5529
5530
5531
5536
5538
5542
5546
5550
5552
5554
5555
5556
5558
5564
5566
5568
5569
5570
5572
5574
5582
5584
5586
5587
5588
5593
5595
5597
5598
5599
5601
5603
5604
5606
5608
5610
5611
5612
5616
5632
5637
5639
5641
5643
5655
5659
5668
5675
5679
5681
5683
5686
5687
5690
5705
5709
5710
5717
5722
5724
5725
5729
5731
5734
5739
5746
5747
5755
5767
5770
5776
5781
5787
5789
5791
5794
5797
5802
5809
5811
5812
5819
5821
5822
5823
5831
5833
5837
5839
5846
5849
5853
5857
5859
5865
5867
5871
5873
5875
5877
5878
5879
5884
5886
5891
5900
5910
5912
5914
5927
5940
5944
5947
5951
5954
5955
5958
5960
5965
5967
5971
5976
5986
5993
5996
5997
6000
6001
6005
6007
6013
6020
6024
6025
6032
6033
6037
6042
6043
6044
6048
6053
6055
6060
6064
6066
6073
6074
6075
6078
6080
6082
6086
6092
6097
6100
6103
6107
6109
6119
6128
6133
6137
6139
6141
6144
6149
6151
6152
6153
6157
6162
6167
6172
6176
6177
6179
6181
6185
6187
6194
6196
6197
6204
6206
6211
6212
6220
6224
6225
6227
6229
6231
6232
6233
6242
6248
6251
6261
6263
6265
6269
6271
6275
6277
6280
6283
6285
6287
6297
6299
6303
6305
6314
6318
6320
6331
6335
6338
6340
6341
6344
6348
6349
6350
6351
6353
6354
6355
6362
6364
6368
6372
6376
6381
6388
6389
6391
6395
6397
6401
6406
6408
6410
6421
6428
6437
6440
6444
6448
6454
6456
6458
6460
6463
6464
6477
6478
6480
6482
6486
6489
6491
6493
6496
6501
6503
6504
6505
6513
6515
6517
6519
6526
6528
6530
6534
6536
6539
6541
6547
6549
6554
6560
6562
6565
6568
6572
6577
6581
6585
6587
6592
6596
6598
6600
6602
6607
6612
6614
6618
6621
6635
6637
6641
6645
6646
6651
6655
6659
6665
6666
6669
6671
6681
6685
6689
6690
6691
6695
6697
6699
6707
6712
6719
6720
6722
6727
6732
6735
6737
6741
6744
6747
6750
6752
6754
6756
6759
6763
6765
6767
6769
6771
6772
6774
6776
6778
6780
6782
6786
6788
6789
6790
6792
6796
6798
6801
6802
6804
6805
6812
6814
6820
6823
6825
6827
6829
6831
6833
6837
6839
6843
6845
6847
6848
6849
6850
6853
6854
6856
6859
6861
6862
6864
6866
6868
6872
6874
6876
6877
6881
6883
6891
6892
6894
6899
6901
6906
6908
6912
6916
6917
6918
6920
6922
6924
6927
6930
6932
6935
6938
6945
6946
6964
6970
6971
6975
6976
6977
6979
6985
6989
6991
6993
6995
6996
6998
6999
7000
7003
7004
7008
7010
7015
7016
7017
7019
7020
7021
7026
7031
7034
7038
7044
7045
7048
7050
7051
7055
7057
7059
7060
7061
7062
7065
7069
7070
7071
7083
7085
7090
7092
7094
7098
7104
7107
7108
7109
7111
7117
7119
7127
7130
7131
7136
7137
7138
7139
7141
7143
7145
7147
7149
7151
7157
7160
7161
7165
7167
7170
7171
7172
7174
7178
7185
7187
7191
7193
7200
7201
7205
7206
7207
7209
7219
7220
7221
7223
7225
7227
7231
7232
7233
7239
7240
7242
7243
7249
7250
7252
7255
7261
7263
7266
7267
7269
7271
7273
7274
7277
7279
7285
7290
7291
7292
7294
7295
7296
7300
7301
7309
7312
7314
7322
7324
7327
7331
7336
7339
7342
7349
7351
7353
7358
7362
7363
7366
7368
7369
7373
7374
7375
7377
7378
7379
7386
7388
7392
7394
7396
7401
7402
7407
7408
7409
7419
7423
7425
7426
7429
7432
7435
7436
7444
7450
7452
7456
7458
7462
7469
7472
7475
7481
7482
7483
7489
7491
7494
7496
7497
7501
7504
7508
7510
7511
7519
7523
7524
7528
7530
7534
7536
7540
7542
7543
7548
7549
7551
7552
7556
7557
7558
7560
7566
7567
7570
7571
7573
7575
7577
7580
7581
7584
7586
7602
7604
7608
7611
7613
7619
7620
7628
7629
7630
7633
7635
7637
7638
7642
7646
7648
7650
7657
7661
7662
7668
7670
7671
7672
7676
7683
7685
7688
7693
7694
7696
7698
7699
7704
7705
7708
7710
7714
7716
7722
7727
7735
7736
7738
7740
7742
7744
7745
7746
7748
7751
7753
7754
7757
7758
7762
7765
7766
7768
7770
7776
7777
7781
7784
7786
7793
7796
7797
7801
7802
7805
7814
7815
7819
7822
7825
7827
7832
7837
7841
7847
7850
7853
7856
7860
7864
7871
7882
7887
7888
7893
7895
7899
7901
7903
7905
7907
7909
7915
7916
7918
7923
7925
7930
7932
7938
7942
7943
7948
7950
7952
7954
7961
7963
7974
7979
7980
7985
7986
7992
7994
7996
7998
8003
8004
8005
8007
8009
8011
8013
8017
8021
8023
8035
8037
8043
8045
8050
8058
8061
8064
8065
8070
8073
8075
8076
8079
8081
8085
8088
8090
8091
8092
8095
8098
8108
8109
8110
8115
8121
8123
8127
8131
8132
8133
8135
8138
8142
8143
8145
8146
8153
8156
8158
8167
8171
8175
8180
8182
8183
8188
8189
8194
8196
8200
8203
8206
8207
8209
8211
8214
8217
8222
8226
8229
8233
8241
8249
8251
8258
8266
8271
8273
8274
8278
8280
8286
8289
8292
8298
8304
8305
8309
8311
8319
8321
8325
8326
8331
8333
8356
8358
8360
8362
8366
8371
8374
8376
8377
8378
8379
8390
8394
8398
8402
8404
8410
8411
8413
8414
8416
8418
8420
8422
8423
8428
8433
8437
8453
8456
8461
8462
8464
8466
8473
8476
8478
8480
8481
8483
8485
8487
8489
8496
8501
8506
8508
8514
8519
8521
8528
8530
8535
8537
8543
8547
8551
8557
8561
8566
8571
8572
8573
8574
8576
8580
8582
8584
8588
8590
8591
8594
8596
8601
8605
8608
8613
8614
8616
8621
8625
8628
8632
8634
8636
8641
8642
8649
8650
8653
8655
8656
8659
8661
8663
8664
8669
8670
8673
8674
8677
8679
8683
8685
8689
8691
8696
8697
8700
8704
8710
8714
8718
8723
8724
8736
8738
8740
8745
8752
8754
8764
8766
8768
8772
8774
8777
8778
8781
8783
8787
8792
8793
8802
8804
8806
8811
8816
8819
8823
8824
8825
8827
8828
8831
8832
8834
8836
8837
8838
8842
8844
8845
8851
8853
8861
8863
8864
8866
8868
8872
8875
8885
8889
8894
8898
8899
8901
8905
8907
8910
8912
8914
8915
8918
8919
8922
8924
8940
8947
8948
8950
8951
8953
8955
8958
8960
8964
8968
8969
8978
8980
8981
8985
8986
8989
8991
8992
8994
9000
9001
9002
9005
9007
9011
9014
9017
9019
9021
9023
9024
9026
9030
9031
9032
9034
9035
9037
9038
9040
9042
9043
9047
9062
9064
9066
9067
9070
9072
9074
9077
9080
9081
9083
9085
9087
9090
9091
9093
9103
9105
9107
9109
9113
9115
9116
9119
9122
9124
9126
9128
9130
9131
9134
9135
9138
9149
9152
9159
9161
9171
9173
9175
9176
9177
9185
9190
9191
9193
9195
9197
9201
9204
9208
9210
9212
9214
9215
9216
9218
9222
9224
9226
9228
9229
9233
9235
9237
9239
9241
9242
9247
9252
9253
9256
9257
9259
9261
9264
9270
9271
9272
9274
9275
9280
9281
9284
9285
9288
9290
9292
9293
9296
9300
9304
9306
9308
9310
9312
9314
9320
9321
9324
9325
9331
9334
9336
9337
9341
9344
9346
9352
9354
9355
9356
9359
9364
9365
9369
9370
9375
9377
9378
9389
9391
9394
9396
9397
9400
9410
9412
9419
9427
9435
9437
9439
9442
9444
9448
9450
9453
9455
9463
9465
9467
9468
9469
9476
9477
9478
9489
9491
9493
9495
9505
9510
9511
9514
9517
9518
9523
9525
9527
9528
9533
9547
9552
9554
9558
9560
9567
9569
9570
9578
9579
9581
9585
9589
9594
9596
9601
9603
9604
9608
9609
9621
9634
9638
9642
9644
9646
9649
9651
9652
9656
9660
9665
9666
9667
9670
9673
9675
9677
9684
9686
9696
9701
9702
9708
9711
9718
9725
9730
9732
9736
9738
9743
9748
9752
9757
9758
9771
9779
9781
9791
9793
9797
9799
9803
9806
9807
9809
9810
9813
9817
9825
9829
9831
9835
9839
9841
9844
9845
9856
9857
9859
9860
9862
9864
9866
9871
9873
9875
9876
9877
9879
9880
9881
9884
9885
9887
9891
9895
9899
9913
9914
9916
9918
9928
9932
9934
9939
9941
9942
9944
9946
9948
9950
9954
9956
9960
9962
9966
9969
9974
9978
9982
9985
9987
9989
9993
9995
9997
9999
10002
10008
10010
10018
10022
10023
10027
10032
10040
10043
10049
10050
10054
10065
10073
10076
10077
10080
10082
10087
10091
10098
10099
10103
10110
10116
10120
10124
10127
10130
10135
10136
10139
10142
10143
10148
10154
10155
10157
10159
10162
10165
10168
10170
10172
10174
10176
10177
10179
10181
10183
10191
10192
10198
10200
10202
10204
10207
10212
10213
10216
10217
10219
10226
10233
10234
10236
10243
10245
10247
10249
10257
10259
10261
10267
10268
10271
10273
10278
10283
10284
10290
10293
10295
10299
10301
10311
10314
10318
10320
10324
10326
10328
10330
10333
10338
10347
10353
10354
10355
10375
10381
10385
10387
10393
10396
10400
10402
10412
10415
10417
10427
10429
10434
10437
10442
10444
10445
10447
10449
10450
10451
10454
10456
10458
10463
10468
10470
10476
10477
10482
10486
10489
10490
10492
10495
10497
10502
10503
10505
10509
10511
10513
10519
10522
10527
10530
10534
10536
10541
10545
10547
10549
10555
10556
10557
10560
10565
10568
10574
10575
10577
10579
10581
10582
10584
10585
10586
10588
10591
10593
10600
10607
10619
10621
10623
10624
10631
10632
10634
10636
10637
10641
10643
10647
10652
10654
10655
10660
10661
10664
10666
10668
10670
10672
10677
10679
10685
10688
10690
10694
10700
10702
10703
10704
10712
10714
10716
10720
10723
10724
10728
10732
10736
10738
10740
10751
10757
10759
10760
10768
10770
10774
10778
10780
10786
10787
10795
10798
10801
10814
10823
10825
10828
10829
10831
10833
10836
10839
10842
10846
10849
10851
10859
10861
10868
10877
10883
10884
10890
10892
10894
10896
10898
10900
10904
10921
10925
10926
10927
10933
10935
10937
10938
10942
10947
10951
10953
10954
10957
10960
10968
10969
10973
10977
10978
10979
10981
10983
10986
10991
10997
11003
11012
11017
11028
11030
11032
11034
11040
11045
11047
11050
11056
11060
11063
11067
11072
11073
11075
11077
11080
11083
11085
11090
11092
11096
11098
11103
11106
11107
11110
11120
11122
11124
11126
11135
11137
11143
11146
11148
11152
11154
11156
11159
11160
11167
11168
11171
11172
11173
11175
11177
11179
11185
11187
11190
11192
11195
11197
11201
11203
11205
11207
11211
11217
11219
11222
11223
11225
11226
11229
11235
11237
11239
11241
11243
11245
11255
11261
11263
11268
11272
11276
11278
11279
11280
11284
11288
11290
11292
11293
11295
11297
11309
11311
11319
11320
11324
11328
11332
11333
11337
11339
11342
11345
11347
11348
11349
11352
11358
11363
11367
11369
11375
11377
11388
11391
11393
11394
11403
11408
11413
11414
11417
11419
11421
11430
11432
11434
11437
11439
11441
11446
11448
11449
11450
11452
11454
11455
11457
11466
11468
11471
11479
11483
11484
11485
11493
11494
11497
11501
11503
11504
11506
11508
11510
11512
11515
11519
11521
11526
11528
11532
11534
11537
11544
11545
11547
11551
11553
11557
11562
11572
11574
11576
11582
11584
11585
11586
11587
11589
11592
11593
11594
11599
11601
11603
11606
11608
11609
11614
11617
11625
11628
11630
11632
11642
11647
11649
11651
11655
11657
11663
11664
11665
11671
11675
11677
11679
11682
11684
11687
11695
11699
11701
11702
11704
11709
11710
11711
11723
11724
11727
11729
11736
11738
11740
11745
11749
11751
11754
11756
11758
11759
11760
11765
11767
11773
11775
11778
11780
11783
11787
11789
11792
11794
11799
11803
11805
11810
11814
11815
11818
11820
11822
11826
11828
11833
11834
11835
11841
11844
11855
11859
11861
11865
11867
11870
11872
11874
11875
11879
11887
11896
11899
11901
11902
11903
11905
11906
11911
11913
11917
11919
11923
11929
11931
11937
11941
11943
11947
11952
11953
11956
11966
11968
11970
11971
11976
11979
11983
11991
11996
12003
12004
12007
12009
12012
12020
12024
12026
12029
12037
12041
12043
12045
12047
12049
12053
12056
12061
12062
12067
12068
12069
12078
12081
12082
12090
12091
12099
12103
12104
12105
12107
12111
12112
12114
12119
12122
12125
12132
12137
12140
12141
12144
12145
12155
12159
12160
12162
12168
12169
12170
12172
12174
12178
12186
12190
12194
12196
12198
12200
12201
12202
12205
12206
12207
12208
12213
12218
12221
12222
12225
12227
12232
12237
12242
12245
12247
12248
12257
12259
12263
12264
12269
12270
12273
12276
12281
12282
12286
12289
12294
12295
12310
12312
12313
12315
12318
12321
12323
12325
12326
12328
12332
12340
12342
12347
12349
12354
12364
12365
12366
12370
12371
12373
12375
12380
12382
12384
12391
12397
12401
12403
12407
12411
12412
12415
12416
12422
12426
12428
12429
12430
12434
12438
12441
12443
12445
12447
12449
12453
12467
12475
12480
12489
12491
12492
12496
12504
12505
12506
12508
12513
12514
12516
12517
12518
12520
12522
12525
12526
12534
12537
12541
12543
12547
12550
12555
12559
12563
12568
12571
12572
12577
12580
12584
12587
12588
12592
12594
12598
12600
12608
12610
12614
12616
12618
12620
12623
12625
12628
12629
12632
12634
12644
12645
12646
12648
12652
12659
12661
12663
12665
12678
12680
12684
12686
12689
12692
12693
12695
12702
12705
12709
12713
12716
12717
12721
12723
12726
12728
12729
12736
12739
12740
12741
12747
12749
12754
12762
12764
12766
12768
12773
12776
12779
12785
12787
12790
12791
12796
12799
12804
12813
12814
12819
12822
12825
12835
12839
12843
12848
12854
12857
12859
12862
12863
12864
12866
12868
12872
12874
12876
12878
12880
12883
12884
12888
12889
12893
12902
12905
12907
12911
12913
12915
12918
12921
12926
12932
12935
12937
12938
12943
12944
12945
12950
12951
12961
12963
12967
12971
12977
12981
12986
12992
12995
12996
13004
13006
13009
13019
13027
13033
13038
13043
13045
13049
13051
13057
13059
13061
13064
13069
13073
13076
13080
13085
13090
13091
13092
13094
13096
13097
13102
13106
13114
13118
13124
13128
13132
13135
13136
13139
13140
13145
13147
13153
13155
13174
13177
13182
13184
13188
13191
13193
13196
13197
13204
13212
13216
13221
13222
13223
13224
13226
13227
13233
13242
13243
13250
13254
13256
13258
13263
13269
13273
13275
13276
13277
13279
13283
13285
13294
13297
13298
13304
13306
13308
13309
13311
13317
13326
13328
13329
13331
13332
13333
13336
13337
13338
13340
13344
13346
13347
13351
13356
13360
13361
13363
13365
13367
13369
13371
13372
13374
13376
13377
13378
13385
13391
13392
13394
13397
13399
13409
13410
13422
13427
13430
13433
13436
13443
13444
13446
13459
13460
13462
13464
13468
13469
13470
13475
13476
13478
13480
13483
13484
13485
13489
13491
13493
13495
13496
13499
13500
13503
13505
13507
13508
13510
13514
13518
13522
13525
13526
13530
13532
13534
13536
13538
13543
13545
13547
13552
13555
13560
13562
13564
13570
13572
13576
13584
13588
13590
13591
13594
13596
13604
13606
13611
13614
13616
13617
13620
13623
13624
13628
13632
13634
13638
13643
13645
13652
13654
13656
13658
13660
13661
13663
13668
13673
13675
13677
13681
13686
13688
13690
13691
13694
13697
13700
13702
13706
13708
13713
13717
13718
13722
13726
13730
13735
13739
13740
13749
13751
13753
13755
13761
13766
13767
13768
13773
13775
13776
13779
13783
13787
13799
13807
13809
13813
13816
13820
13822
13823
13825
13826
13831
13832
13834
13835
13839
13840
13842
13852
13854
13855
13856
13860
13870
13872
13876
13881
13883
13885
13887
13888
13896
13898
13900
13912
13913
13927
13928
13930
13938
13943
13945
13950
13952
13953
13955
13957
13962
13974
13976
13978
13982
13987
13991
13993
13994
13999
14007
14009
14011
14013
14015
14019
14021
14024
14028
14032
14034
14038
14043
14044
14050
14057
14059
14061
14063
14065
14067
14077
14080
14081
14083
14085
14088
14089
14095
14101
14104
14110
14114
14123
14127
14131
14135
14140
14147
14155
14159
14160
14163
14170
14173
14175
14177
14184
14186
14188
14193
14194
14195
14197
14199
14209
14211
14213
14217
14222
14224
14229
14230
14231
14233
14238
14241
14243
14247
14249
14250
14253
14256
14261
14267
14280
14285
14295
14297
14298
14301
14307
14309
14315
14316
14318
14322
14326
14335
14338
14341
14342
14346
14348
14350
14351
14354
14357
14359
14363
14365
14367
14369
14371
14372
14373
14380
14381
14385
14389
14395
14401
14403
14405
14408
14411
14420
14422
14424
14427
14428
14430
14433
14436
14438
14440
14446
14447
14449
14459
14462
14465
14474
14476
14478
14487
14488
14490
14497
14501
14503
14505
14508
14509
14512
14514
14515
14516
14522
14526
14528
14531
14540
14549
14550
14552
14553
14555
14558
14559
14561
14564
14566
14570
14571
14572
14575
14578
14582
14589
14593
14596
14600
14602
14604
14611
14612
14613
14617
14618
14621
14626
14628
14632
14635
14638
14639
14641
14645
14649
14651
14667
14673
14675
14678
14679
14681
14686
14689
14693
14694
14696
14704
14713
14717
14718
14719
14722
14724
14725
14726
14732
14735
14738
14740
14746
14751
14764
14766
14767
14768
14774
14776
14778
14788
14793
14797
14798
14804
14805
14809
14813
14819
14821
14825
14829
14832
14833
14835
14837
14841
14843
14845
14847
14853
14861
14863
14864
14866
14872
14880
14888
14890
14892
14894
14895
14899
14901
14912
14913
14914
14918
14919
14920
14922
14934
14938
14942
14945
14946
14948
14949
14950
14952
14954
14956
14959
14963
14974
14978
14984
14986
14989
14992
14996
15004
15006
15007
15008
15012
15013
15019
15021
15030
15033
15045
15046
15048
15050
15051
15057
15060
15064
15074
15075
15077
15081
15091
15093
15097
15099
15102
15104
15108
15110
15125
15131
15138
15140
15145
15147
15149
15156
15158
15161
15163
15167
15170
15172
15175
15184
15186
15187
15190
15198
15200
15202
15206
15208
15210
15215
15217
15218
15224
15230
15235
15236
15237
15242
15245
15251
15255
15259
15261
15262
15265
15267
15269
15270
15277
15282
15284
15285
15287
15289
15291
15293
15295
15300
15302
15304
15310
15311
15312
15314
15318
15321
15322
15329
15331
15337
15339
15340
15342
15344
15346
15347
15348
15351
15355
15356
15369
15373
15375
15378
15379
15381
15382
15386
15393
15395
15397
15399
15401
15402
15406
15408
15418
15422
15425
15427
15439
15445
15447
15448
15458
15460
15462
15466
15470
15476
15489
15494
15498
15500
15502
15510
15512
15514
15521
15523
15528
15532
15539
15541
15542
15547
15549
15553
15560
15563
15571
15576
15580
15584
15587
15591
15595
15598
15600
15603
15605
15615
15617
15619
15625
15629
15632
15634
15636
15637
15639
15643
15645
15648
15651
15655
15661
15665
15667
15673
15674
15679
15684
15689
15691
15692
15698
15702
15703
15707
15709
15714
15718
15720
15722
15731
15732
15735
15737
15742
15744
15749
15754
15756
15758
15760
15765
15769
15770
15772
15774
15776
15778
15784
15798
15810
15814
15816
15818
15822
15824
15831
15833
15842
15844
15845
15849
15859
15862
15870
15871
15873
15879
15895
15899
15909
15911
15915
15917
15919
15921
15923
15928
15930
15931
15942
15945
15946
15954
15960
15964
15965
15967
15974
15977
15981
15982
15983
15987
15993
15997
16002
16003
16012
16014
16015
16016
16017
16019
16025
16030
16032
16035
16036
16038
16043
16044
16046
16050
16058
16062
16066
16073
16077
16078
16081
16087
16089
16094
16096
16097
16099
16103
16105
16106
16108
16110
16114
16116
16119
16124
16126
16128
16130
16131
16135
16137
16142
16145
16149
16150
16154
16160
16166
16170
16176
16179
16183
16185
16187
16190
16194
16198
16214
16216
16218
16221
16222
16233
16237
16240
16241
16243
16244
16246
16247
16251
16252
16263
16265
16267
16268
16272
16273
16277
16279
16281
16283
16292
16296
16298
16299
16300
16303
16311
16313
16316
16324
16326
16328
16333
16334
16339
16340
16343
16346
16349
16350
16352
16356
16358
16360
16365
16367
16376
16377
16378
16383
16384
16386
16388
16390
16393
16401
16409
16410
16413
16415
16417
16423
16428
16432
16434
16435
16439
16447
16450
16452
16454
16455
16456
16463
16469
16470
16473
16476
16478
16480
16482
16484
16486
16496
16497
16498
16501
16502
16503
16506
16508
16517
16518
16523
16526
16530
16533
16540
16544
16547
16548
16551
16556
16557
16561
16563
16565
16566
16568
16569
16572
16576
16580
16585
16593
16595
16596
16599
16601
16604
16606
16608
16609
16610
16614
16624
16625
16637
16638
16644
16645
16655
16656
16662
16665
16666
16669
16671
16676
16687
16691
16694
16696
16701
16704
16706
16708
16710
16711
16713
16715
16717
16722
16727
16729
16735
16741
16749
16750
16752
16754
16757
16767
16774
16777
16784
16794
16798
16800
16804
16806
16808
16812
16817
16818
16826
16828
16832
16836
16837
16839
16844
16848
16852
16854
16856
16858
16862
16865
16871
16872
16877
16886
16898
16902
16908
16912
16914
16916
16918
16920
16923
16926
16927
16938
16940
16942
16944
16946
16950
16952
16955
16961
16963
16969
16971
16974
16980
16988
16992
17000
17003
17005
17007
17010
17018
17022
17024
17025
17028
17035
17038
17041
17047
17049
17051
17052
17062
17063
17068
17070
17078
17080
17082
17085
17088
17095
17100
17102
17108
17109
17113
17114
17116
17118
17123
17132
17137
17143
17145
17147
17150
17151
17152
17154
17156
17158
17160
17162
17164
17167
17168
17172
17174
17176
17182
17184
17189
17195
17197
17206
17207
17210
17211
17213
17215
17217
17218
17219
17222
17223
17224
17226
17228
17233
17239
17241
17247
17248
17250
17254
17258
17260
17264
17266
17268
17270
17274
17275
17278
17280
17282
17288
17289
17293
17299
17310
17319
17323
17326
17329
17331
17335
17339
17342
17344
17345
17354
17359
17362
17367
17375
17382
17386
17388
17390
17392
17393
17399
17402
17408
17411
17413
17414
17416
17420
17425
17435
17443
17445
17448
17461
17464
17469
17471
17475
17479
17480
17485
17489
17491
17504
17506
17514
17519
17528
17529
17532
17535
17537
17541
17549
17551
17557
17558
17564
17571
17575
17581
17583
17585
17589
17590
17593
17595
17601
17606
17616
17617
17618
17624
17636
17642
17648
17652
17659
17663
17667
17669
17671
17673
17677
17679
17687
17695
17696
17698
17701
17707
17713
17715
17721
17723
17725
17726
17729
17734
17735
17736
17738
17739
17741
17742
17747
17749
17751
17760
17766
17768
17770
17771
17772
17779
17787
17792
17793
17794
17797
17798
17799
17804
17810
17811
17815
17821
17823
17827
17835
17839
17842
17844
17845
17847
17849
17854
17859
17863
17865
17867
17870
17872
17875
17877
17882
17885
17888
17899
17903
17904
17907
17909
17913
17917
17919
17920
17922
17924
17944
17947
17951
17953
17954
17959
17961
17962
17964
17966
17967
17971
17973
17975
17981
17986
17993
17996
18007
18008
18013
18014
18020
18028
18030
18032
18035
18038
18039
18043
18050
18051
18052
18058
18059
18062
18064
18066
18070
18072
18077
18081
18082
18089
18091
18092
18098
18100
18107
18109
18112
18113
18119
18125
18128
18134
18136
18138
18140
18143
18144
18146
18148
18150
18152
18153
18157
18159
18160
18163
18164
18166
18175
18176
18178
18179
18180
18182
18183
18185
18196
18198
18201
18205
18209
18215
18221
18225
18226
18231
18233
18235
18237
18239
18244
18246
18250
18252
18255
18257
18259
18261
18263
18266
18267
18273
18279
18285
18287
18293
18295
18300
18304
18310
18312
18314
18316
18325
18327
18333
18335
18340
18347
18349
18352
18357
18359
18361
18365
18367
18375
18376
18377
18381
18387
18388
18389
18391
18395
18405
18414
18415
18417
18419
18420
18421
18425
18431
18434
18438
18439
18440
18441
18444
18448
18453
18456
18461
18463
18469
18477
18480
18481
18482
18485
18487
18495
18502
18511
18515
18517
18519
18520
18525
18530
18531
18532
18536
18538
18540
18543
18548
18553
18554
18563
18564
18568
18570
18573
18578
18580
18581
18587
18589
18591
18596
18599
18601
18605
18607
18609
18611
18619
18621
18623
18624
18625
18627
18632
18634
18636
18647
18649
18650
18655
18658
18660
18666
18667
18670
18674
18675
18678
18684
18687
18689
18691
18693
18697
18699
18708
18717
18724
18728
18730
18731
18732
18733
18744
18746
18748
18757
18763
18765
18767
18769
18771
18777
18778
18782
18785
18788
18793
18796
18797
18798
18800
18802
18804
18810
18815
18817
18831
18833
18834
18837
18839
18845
18849
18851
18857
18861
18865
18869
18870
18877
18880
18881
18884
18885
18887
18891
18893
18894
18897
18899
18908
18912
18913
18917
18921
18923
18925
18926
18929
18931
18934
18935
18937
18939
18941
18944
18948
18949
18951
18955
18956
18958
18962
18969
18970
18975
18977
18979
18985
18987
18991
19006
19007
19015
19018
19020
19024
19025
19026
19028
19032
19034
19036
19041
19043
19049
19054
19059
19061
19063
19070
19072
19074
19075
19076
19083
19087
19089
19091
19094
19096
19102
19111
19112
19116
19118
19120
19132
19134
19141
19143
19145
19151
19153
19159
19161
19163
19165
19167
19173
19176
19185
19187
19193
19194
19196
19199
19203
19204
19217
19218
19222
19223
19228
19229
19233
19235
19239
19241
19245
19253
19255
19257
19258
19264
19266
19270
19272
19274
19276
19278
19280
19282
19284
19292
19296
19298
19299
19300
19302
19304
19306
19308
19310
19312
19314
19318
19322
19323
19325
19329
19333
19335
19339
19341
19358
19368
19372
19377
19378
19380
19382
19386
19392
19393
19395
19400
19402
19404
19406
19412
19416
