13627
5
6
9
11
16
20
22
23
41
42
45
48
50
51
52
53
57
60
63
75
80
82
88
90
101
102
104
106
107
111
112
113
116
120
121
122
127
130
133
135
143
144
151
156
158
159
160
161
162
163
166
167
169
170
172
174
175
176
177
179
180
187
190
191
193
197
201
204
206
210
212
219
222
224
226
227
228
229
230
231
234
246
252
254
258
259
261
272
277
278
281
282
288
290
292
299
301
306
308
322
323
324
327
328
335
338
339
341
346
348
352
353
354
359
360
361
362
363
374
377
379
380
383
387
390
394
400
402
404
407
411
412
413
417
420
424
427
429
430
434
436
437
438
439
440
441
449
450
454
458
462
469
471
474
478
480
481
482
483
484
492
498
502
505
512
520
527
529
530
533
535
537
539
543
547
548
551
553
560
561
562
564
573
574
576
579
581
583
585
590
591
593
594
595
596
597
599
600
603
605
606
609
610
614
617
618
619
620
624
625
631
636
643
646
647
654
655
659
660
662
668
675
681
685
688
689
690
698
699
705
708
711
718
719
720
725
726
727
734
745
747
755
765
767
771
772
783
786
787
796
799
800
801
807
808
812
815
817
822
825
831
839
842
843
845
855
861
862
863
864
866
869
870
873
877
882
884
885
888
889
890
891
894
899
902
903
907
923
926
927
934
935
938
951
953
956
959
967
970
971
974
975
981
983
987
994
1000
1001
1007
1011
1013
1014
1016
1017
1021
1022
1025
1033
1038
1043
1046
1054
1055
1058
1059
1060
1061
1064
1067
1070
1071
1072
1074
1080
1081
1082
1084
1085
1088
1089
1090
1092
1094
1096
1097
1108
1109
1110
1112
1122
1126
1127
1133
1134
1137
1140
1144
1146
1147
1154
1156
1159
1163
1166
1170
1171
1172
1177
1178
1185
1187
1189
1193
1194
1196
1199
1202
1203
1206
1209
1214
1216
1221
1227
1228
1236
1240
1245
1246
1250
1252
1255
1261
1264
1266
1267
1271
1277
1278
1280
1281
1282
1300
1301
1303
1304
1306
1311
1312
1320
1326
1331
1337
1338
1341
1349
1350
1352
1364
1371
1372
1373
1374
1395
1397
1400
1402
1411
1413
1414
1416
1417
1419
1420
1423
1424
1425
1428
1429
1435
1437
1440
1442
1444
1448
1449
1454
1457
1458
1459
1462
1463
1464
1465
1466
1467
1469
1470
1472
1473
1476
1478
1479
1481
1487
1491
1493
1501
1502
1506
1507
1512
1516
1519
1521
1526
1527
1530
1535
1537
1540
1543
1547
1552
1558
1562
1565
1566
1567
1569
1570
1575
1577
1581
1583
1585
1590
1593
1606
1610
1611
1625
1626
1628
1631
1636
1638
1641
1642
1647
1648
1649
1650
1653
1655
1656
1657
1658
1660
1663
1669
1671
1676
1679
1681
1682
1683
1689
1690
1691
1692
1695
1702
1705
1706
1710
1711
1716
1718
1720
1721
1726
1727
1728
1729
1730
1741
1744
1745
1746
1747
1752
1760
1761
1762
1763
1767
1771
1778
1788
1795
1798
1800
1805
1806
1807
1811
1812
1816
1817
1822
1823
1824
1834
1836
1837
1839
1844
1846
1850
1852
1856
1861
1873
1874
1879
1890
1892
1894
1899
1904
1910
1916
1923
1926
1929
1934
1939
1943
1945
1948
1951
1953
1955
1958
1961
1963
1969
1970
1972
1973
1974
1975
1979
1980
1982
1986
1987
1993
1996
2015
2017
2019
2020
2025
2026
2029
2033
2034
2042
2044
2046
2047
2049
2052
2058
2061
2064
2065
2069
2070
2080
2086
2090
2095
2096
2099
2100
2102
2103
2108
2111
2114
2116
2118
2120
2125
2126
2128
2129
2130
2133
2135
2137
2138
2139
2142
2145
2149
2151
2152
2153
2156
2161
2163
2164
2168
2170
2171
2173
2177
2180
2187
2188
2189
2201
2207
2209
2211
2215
2226
2228
2231
2232
2235
2236
2238
2245
2248
2251
2256
2258
2259
2260
2263
2267
2277
2282
2284
2298
2303
2305
2307
2308
2309
2310
2314
2316
2320
2321
2328
2332
2333
2340
2350
2351
2355
2356
2368
2373
2378
2380
2383
2384
2389
2390
2394
2403
2404
2405
2409
2410
2414
2416
2419
2426
2428
2431
2434
2438
2441
2442
2443
2444
2445
2447
2450
2451
2452
2453
2454
2455
2458
2459
2460
2462
2464
2466
2467
2470
2471
2472
2479
2480
2481
2486
2489
2491
2492
2496
2501
2505
2508
2510
2517
2518
2526
2529
2532
2535
2537
2539
2541
2545
2546
2548
2549
2552
2553
2559
2567
2569
2570
2571
2572
2576
2578
2585
2586
2587
2588
2591
2598
2599
2600
2603
2608
2609
2611
2621
2622
2623
2625
2630
2632
2633
2634
2637
2639
2643
2644
2646
2647
2653
2656
2662
2663
2667
2668
2679
2685
2688
2691
2692
2694
2695
2697
2702
2706
2708
2709
2710
2711
2712
2713
2716
2720
2721
2723
2724
2726
2729
2732
2736
2738
2739
2741
2742
2743
2744
2748
2751
2756
2759
2762
2763
2767
2771
2774
2777
2779
2782
2786
2787
2788
2789
2791
2797
2801
2802
2803
2804
2805
2807
2816
2825
2827
2828
2830
2832
2833
2840
2841
2848
2851
2853
2857
2860
2863
2864
2866
2868
2871
2872
2873
2875
2876
2878
2879
2880
2884
2888
2889
2891
2893
2901
2905
2916
2917
2918
2925
2930
2934
2935
2937
2950
2951
2956
2961
2963
2964
2968
2977
2979
2980
2981
2988
2990
2994
2995
2997
3002
3004
3010
3016
3017
3019
3028
3029
3030
3031
3032
3034
3035
3036
3037
3039
3042
3043
3044
3046
3053
3057
3058
3059
3060
3061
3072
3080
3081
3082
3084
3085
3087
3092
3095
3096
3100
3103
3113
3117
3118
3120
3122
3123
3125
3126
3128
3134
3138
3139
3151
3152
3169
3170
3172
3174
3184
3187
3188
3191
3192
3193
3194
3198
3201
3205
3209
3211
3213
3217
3219
3226
3227
3231
3234
3236
3237
3238
3242
3255
3257
3262
3264
3265
3287
3293
3295
3296
3302
3304
3306
3311
3319
3321
3326
3328
3329
3330
3336
3337
3341
3350
3353
3359
3360
3362
3364
3366
3372
3377
3378
3384
3388
3390
3400
3403
3408
3410
3414
3415
3417
3424
3428
3433
3434
3438
3444
3445
3451
3452
3460
3467
3468
3469
3473
3475
3484
3489
3494
3500
3507
3511
3512
3516
3519
3520
3530
3531
3534
3535
3542
3554
3563
3569
3570
3571
3572
3575
3579
3580
3581
3583
3584
3589
3596
3597
3598
3599
3600
3605
3606
3608
3609
3610
3612
3617
3621
3626
3631
3635
3636
3643
3647
3648
3654
3655
3659
3663
3664
3665
3667
3669
3678
3679
3683
3687
3688
3689
3690
3691
3693
3694
3699
3700
3704
3705
3706
3714
3717
3719
3721
3726
3728
3733
3736
3744
3746
3751
3755
3760
3761
3763
3764
3765
3768
3772
3781
3788
3790
3791
3793
3794
3796
3799
3805
3808
3812
3822
3826
3830
3833
3834
3840
3842
3843
3847
3849
3853
3854
3856
3857
3858
3869
3870
3871
3873
3874
3876
3880
3882
3885
3889
3897
3898
3903
3912
3915
3916
3917
3920
3922
3929
3930
3931
3933
3935
3936
3940
3943
3944
3945
3947
3953
3957
3960
3962
3966
3970
3974
3975
3977
3979
3982
3987
3988
3990
3997
3999
4002
4007
4010
4012
4015
4017
4020
4021
4026
4027
4032
4034
4037
4038
4039
4040
4042
4047
4048
4052
4056
4063
4066
4073
4075
4079
4080
4083
4084
4085
4087
4088
4089
4091
4093
4095
4099
4112
4113
4115
4118
4119
4126
4127
4128
4130
4134
4136
4138
4140
4141
4148
4149
4152
4154
4157
4158
4160
4162
4163
4167
4168
4170
4172
4173
4175
4177
4178
4184
4185
4192
4198
4204
4215
4218
4221
4222
4227
4230
4231
4233
4235
4236
4237
4239
4241
4245
4251
4260
4261
4265
4266
4276
4281
4285
4287
4288
4289
4295
4298
4299
4300
4301
4304
4315
4317
4327
4328
4329
4333
4336
4338
4339
4343
4344
4348
4351
4352
4361
4365
4372
4375
4388
4390
4392
4393
4395
4396
4399
4402
4403
4404
4407
4408
4414
4424
4425
4426
4429
4431
4432
4434
4436
4437
4441
4462
4463
4465
4467
4473
4478
4479
4482
4487
4490
4491
4496
4506
4508
4512
4513
4515
4518
4519
4520
4521
4524
4525
4533
4537
4539
4541
4542
4546
4547
4548
4552
4554
4555
4560
4563
4564
4566
4572
4575
4576
4580
4582
4583
4585
4587
4588
4589
4594
4599
4601
4606
4607
4613
4615
4623
4624
4626
4627
4628
4630
4631
4632
4634
4639
4652
4660
4663
4665
4669
4670
4671
4673
4677
4683
4684
4685
4686
4694
4699
4701
4702
4704
4707
4710
4714
4720
4721
4723
4727
4729
4733
4741
4742
4743
4744
4752
4753
4759
4760
4761
4766
4768
4772
4776
4779
4780
4787
4789
4791
4795
4798
4804
4808
4813
4814
4815
4816
4821
4825
4830
4834
4835
4839
4845
4850
4855
4856
4857
4859
4860
4861
4862
4863
4867
4868
4879
4880
4882
4883
4890
4891
4893
4897
4905
4908
4909
4911
4913
4914
4916
4919
4921
4929
4930
4943
4944
4946
4949
4955
4958
4962
4965
4966
4967
4973
4977
4979
4984
4990
4995
4997
4998
5000
5005
5009
5013
5014
5016
5018
5026
5028
5029
5031
5034
5037
5042
5043
5046
5056
5066
5070
5072
5080
5083
5089
5090
5098
5099
5106
5117
5118
5120
5122
5126
5134
5156
5159
5163
5166
5167
5171
5172
5173
5175
5176
5177
5180
5184
5186
5200
5201
5204
5205
5207
5211
5216
5220
5223
5224
5227
5228
5232
5235
5236
5240
5248
5249
5251
5254
5255
5259
5261
5271
5273
5275
5277
5288
5293
5294
5295
5300
5303
5305
5310
5316
5325
5330
5331
5332
5335
5338
5340
5344
5345
5347
5350
5352
5353
5354
5355
5357
5359
5362
5372
5373
5379
5384
5386
5391
5396
5397
5405
5408
5409
5412
5416
5417
5428
5430
5431
5432
5434
5447
5448
5449
5451
5452
5454
5455
5458
5461
5462
5469
5474
5475
5477
5480
5486
5489
5491
5493
5496
5501
5505
5506
5508
5513
5519
5523
5526
5527
5528
5541
5548
5557
5559
5562
5565
5571
5577
5578
5580
5585
5589
5590
5594
5596
5607
5609
5614
5623
5625
5627
5630
5634
5635
5636
5644
5645
5646
5647
5648
5649
5650
5653
5656
5661
5662
5663
5665
5669
5670
5671
5672
5673
5676
5677
5680
5689
5692
5693
5694
5698
5699
5700
5702
5704
5706
5707
5712
5713
5714
5715
5728
5730
5733
5740
5743
5749
5751
5754
5757
5758
5759
5760
5763
5764
5765
5768
5771
5772
5773
5774
5779
5782
5785
5788
5792
5793
5795
5798
5799
5800
5801
5803
5804
5808
5810
5817
5820
5824
5826
5827
5829
5830
5841
5843
5844
5851
5856
5860
5861
5863
5869
5874
5881
5882
5889
5890
5892
5894
5896
5897
5898
5901
5902
5906
5908
5911
5916
5918
5920
5925
5926
5930
5933
5939
5945
5946
5956
5957
5963
5968
5969
5972
5974
5977
5978
5979
5980
5982
5983
5987
5988
5990
6003
6004
6016
6018
6022
6026
6029
6031
6034
6035
6045
6046
6049
6050
6052
6056
6057
6058
6059
6061
6062
6063
6069
6071
6081
6085
6088
6089
6090
6093
6095
6099
6102
6104
6105
6111
6112
6114
6115
6122
6124
6126
6130
6140
6146
6148
6155
6158
6164
6165
6166
6169
6171
6174
6175
6178
6183
6190
6195
6198
6200
6203
6207
6208
6209
6213
6214
6216
6219
6222
6226
6238
6240
6244
6245
6246
6254
6255
6256
6259
6260
6264
6266
6268
6273
6274
6284
6290
6293
6295
6301
6307
6308
6309
6313
6315
6317
6319
6322
6325
6327
6329
6333
6334
6337
6339
6342
6345
6352
6357
6358
6359
6360
6367
6370
6374
6377
6384
6385
6386
6387
6392
6393
6398
6402
6404
6412
6414
6417
6418
6419
6420
6422
6423
6424
6426
6430
6432
6434
6435
6436
6438
6441
6442
6452
6453
6455
6465
6467
6469
6471
6473
6474
6481
6483
6484
6485
6488
6490
6492
6495
6499
6506
6507
6511
6514
6521
6524
6527
6529
6532
6533
6535
6540
6542
6543
6544
6545
6546
6548
6550
6551
6552
6555
6557
6558
6564
6567
6571
6573
6575
6576
6580
6582
6591
6594
6617
6619
6620
6622
6626
6629
6630
6632
6633
6634
6639
6643
6647
6648
6649
6650
6653
6654
6661
6662
6663
6670
6673
6675
6677
6679
6698
6701
6702
6703
6705
6706
6708
6710
6711
6714
6717
6718
6726
6733
6739
6740
6743
6746
6748
6757
6758
6760
6762
6764
6770
6781
6784
6794
6800
6803
6808
6809
6810
6811
6818
6821
6822
6851
6867
6869
6871
6873
6875
6880
6884
6885
6888
6889
6895
6902
6903
6905
6910
6928
6933
6937
6939
6941
6943
6944
6947
6948
6950
6956
6957
6958
6962
6965
6966
6973
6983
6986
6987
6988
6994
6997
7001
7002
7005
7006
7007
7014
7018
7024
7029
7032
7033
7035
7036
7046
7054
7066
7067
7072
7075
7078
7079
7081
7084
7086
7087
7095
7096
7097
7099
7103
7118
7121
7134
7144
7158
7159
7175
7176
7177
7179
7180
7183
7186
7189
7194
7195
7197
7199
7203
7208
7211
7212
7213
7215
7216
7235
7237
7241
7244
7246
7247
7254
7257
7260
7272
7275
7276
7281
7283
7286
7287
7288
7289
7307
7315
7316
7318
7319
7320
7326
7328
7329
7330
7332
7335
7337
7340
7341
7344
7346
7347
7348
7356
7357
7361
7371
7380
7381
7382
7383
7391
7395
7399
7403
7404
7405
7411
7412
7413
7414
7416
7420
7421
7422
7427
7428
7430
7438
7440
7441
7442
7443
7448
7451
7453
7460
7461
7464
7466
7468
7474
7476
7477
7478
7480
7485
7486
7490
7495
7499
7503
7507
7512
7513
7514
7516
7518
7520
7521
7525
7527
7532
7533
7535
7538
7545
7546
7547
7550
7554
7555
7561
7565
7568
7582
7583
7587
7588
7589
7590
7592
7593
7594
7596
7598
7599
7606
7614
7617
7622
7626
7632
7634
7636
7640
7644
7659
7660
7663
7664
7665
7677
7678
7681
7682
7690
7692
7697
7702
7703
7713
7718
7720
7721
7725
7728
7730
7734
7759
7761
7763
7764
7772
7774
7780
7782
7785
7788
7800
7806
7808
7809
7811
7816
7817
7820
7821
7823
7824
7830
7835
7839
7840
7842
7843
7844
7845
7846
7849
7852
7855
7858
7862
7863
7866
7872
7874
7875
7878
7880
7889
7890
7891
7894
7897
7898
7906
7911
7914
7921
7926
7934
7936
7940
7947
7951
7955
7956
7958
7965
7967
7969
7970
7971
7972
7976
7977
7981
7982
7983
7984
7987
7989
7990
7993
7999
8001
8012
8014
8015
8019
8026
8029
8030
8034
8036
8039
8040
8041
8042
8046
8047
8053
8054
8056
8060
8062
8066
8068
8077
8078
8082
8083
8086
8093
8094
8099
8100
8103
8106
8111
8112
8113
8114
8119
8120
8124
8125
8126
8128
8137
8140
8147
8150
8151
8152
8154
8157
8162
8163
8165
8166
8169
8173
8177
8178
8179
8184
8186
8187
8191
8192
8193
8198
8202
8204
8208
8216
8220
8228
8231
8234
8237
8238
8242
8243
8245
8246
8250
8254
8256
8260
8262
8264
8267
8272
8276
8279
8282
8284
8287
8290
8293
8295
8296
8300
8301
8302
8306
8307
8308
8310
8315
8316
8317
8318
8320
8323
8324
8327
8329
8335
8336
8337
8341
8343
8348
8350
8353
8355
8364
8368
8370
8372
8375
8380
8381
8382
8384
8388
8389
8392
8396
8397
8401
8405
8409
8415
8419
8421
8425
8427
8431
8434
8436
8440
8442
8443
8444
8449
8451
8452
8454
8457
8458
8459
8463
8468
8470
8472
8475
8491
8492
8493
8497
8499
8500
8503
8507
8510
8512
8515
8516
8518
8522
8526
8532
8536
8539
8541
8544
8545
8549
8553
8554
8555
8559
8563
8565
8570
8575
8578
8581
8586
8587
8589
8593
8595
8597
8598
8599
8603
8607
8610
8617
8619
8620
8622
8624
8626
8627
8630
8633
8635
8637
8639
8643
8645
8646
8647
8648
8651
8654
8657
8658
8660
8665
8666
8668
8675
8687
8688
8690
8693
8695
8698
8702
8705
8706
8712
8713
8716
8720
8721
8725
8726
8729
8730
8731
8733
8734
8739
8748
8749
8750
8755
8758
8759
8760
8767
8769
8770
8773
8782
8784
8785
8788
8790
8794
8795
8799
8800
8801
8803
8812
8814
8818
8821
8826
8830
8835
8839
8843
8847
8848
8849
8852
8856
8857
8859
8860
8867
8870
8873
8874
8879
8880
8882
8884
8887
8888
8891
8892
8893
8895
8897
8900
8903
8908
8909
8916
8917
8923
8926
8927
8929
8932
8935
8937
8939
8942
8944
8959
8962
8963
8966
8972
8975
8977
8983
8987
8988
8993
8996
8998
9003
9008
9010
9013
9015
9018
9025
9027
9028
9039
9044
9050
9051
9054
9056
9060
9068
9071
9075
9078
9082
9089
9092
9094
9095
9096
9111
9117
9120
9121
9123
9132
9133
9136
9143
9144
9148
9150
9151
9154
9155
9157
9163
9164
9166
9167
9168
9181
9186
9189
9192
9194
9196
9199
9202
9205
9211
9230
9231
9236
9240
9245
9248
9249
9250
9254
9258
9260
9262
9266
9267
9268
9269
9273
9278
9279
9282
9283
9286
9297
9299
9305
9307
9316
9318
9319
9322
9328
9329
9330
9333
9338
9345
9348
9353
9357
9361
9363
9367
9372
9373
9380
9381
9386
9387
9402
9403
9406
9407
9408
9415
9417
9421
9423
9424
9425
9429
9430
9432
9440
9441
9443
9447
9454
9456
9457
9458
9459
9460
9464
9466
9470
9472
9474
9475
9480
9481
9482
9488
9494
9497
9501
9503
9509
9515
9519
9534
9535
9538
9540
9542
9543
9545
9549
9551
9553
9555
9556
9561
9564
9565
9566
9574
9580
9583
9584
9587
9590
9591
9593
9597
9606
9610
9611
9613
9616
9617
9619
9622
9623
9624
9626
9627
9628
9632
9633
9635
9639
9640
9645
9647
9650
9653
9655
9659
9661
9662
9664
9669
9671
9681
9683
9685
9689
9692
9693
9694
9699
9704
9709
9712
9714
9716
9717
9719
9720
9721
9722
9723
9726
9727
9728
9733
9739
9740
9742
9744
9745
9746
9747
9750
9751
9756
9760
9761
9762
9764
9766
9768
9769
9773
9775
9777
9778
9782
9783
9784
9786
9790
9792
9800
9802
9805
9811
9815
9819
9820
9823
9826
9833
9837
9840
9842
9848
9849
9850
9851
9852
9854
9863
9865
9869
9870
9872
9878
9883
9888
9890
9892
9893
9900
9901
9904
9908
9911
9915
9921
9922
9924
9926
9931
9945
9949
9953
9955
9957
9965
9968
9971
9976
9977
9980
9986
9990
9991
9994
9996
9998
10003
10004
10005
10012
10014
10019
10024
10026
10030
10035
10036
10038
10039
10041
10042
10045
10047
10051
10055
10058
10059
10061
10063
10066
10068
10071
10075
10078
10086
10089
10090
10093
10095
10096
10097
10101
10106
10108
10111
10112
10114
10115
10119
10121
10122
10126
10129
10131
10133
10141
10144
10145
10149
10151
10152
10153
10156
10161
10163
10166
10167
10169
10186
10188
10190
10194
10195
10197
10205
10211
10214
10215
10218
10221
10222
10225
10228
10229
10231
10232
10238
10239
10250
10253
10255
10262
10265
10269
10272
10274
10275
10276
10277
10281
10282
10285
10286
10287
10289
10291
10292
10294
10296
10297
10306
10308
10309
10316
10319
10327
10329
10332
10334
10335
10336
10339
10340
10342
10343
10344
10346
10348
10349
10350
10351
10356
10357
10358
10360
10362
10364
10367
10368
10370
10373
10374
10376
10377
10378
10379
10384
10389
10391
10392
10395
10398
10406
10408
10410
10413
10420
10421
10423
10425
10426
10428
10431
10433
10435
10438
10441
10453
10457
10461
10465
10472
10473
10474
10475
10483
10484
10487
10488
10496
10499
10501
10507
10508
10510
10515
10516
10517
10523
10525
10528
10529
10531
10532
10533
10535
10537
10543
10553
10558
10562
10564
10566
10570
10572
10578
10580
10590
10596
10597
10598
10599
10602
10603
10606
10609
10612
10614
10620
10625
10627
10628
10630
10638
10642
10645
10648
10650
10656
10658
10659
10662
10667
10669
10674
10675
10678
10681
10683
10691
10692
10695
10696
10698
10701
10706
10708
10709
10710
10711
10717
10718
10719
10722
10726
10727
10729
10730
10734
10737
10741
10745
10746
10747
10749
10753
10754
10755
10756
10764
10766
10769
10771
10772
10775
10776
10777
10779
10781
10782
10783
10785
10788
10789
10793
10800
10805
10807
10810
10811
10813
10815
10816
10817
10819
10821
10835
10837
10841
10844
10847
10850
10854
10855
10856
10857
10860
10862
10863
10872
10873
10878
10879
10881
10882
10885
10887
10893
10899
10902
10906
10911
10915
10917
10918
10919
10923
10932
10934
10936
10940
10943
10945
10946
10950
10952
10955
10956
10959
10963
10964
10965
10966
10967
10970
10974
10975
10976
10982
10985
10987
10992
10993
11000
11001
11002
11005
11008
11009
11013
11015
11016
11026
11033
11035
11037
11039
11041
11043
11049
11054
11058
11066
11069
11071
11074
11081
11086
11088
11091
11094
11099
11101
11102
11108
11109
11113
11115
11116
11117
11121
11123
11128
11132
11136
11140
11141
11142
11144
11150
11157
11158
11162
11163
11165
11166
11169
11176
11180
11182
11183
11184
11194
11196
11198
11199
11200
11202
11209
11210
11213
11215
11220
11221
11227
11233
11234
11236
11238
11247
11248
11249
11250
11251
11252
11254
11257
11265
11270
11271
11274
11282
11285
11289
11294
11296
11298
11303
11304
11305
11306
11313
11316
11317
11318
11322
11326
11327
11330
11351
11353
11355
11356
11359
11362
11364
11371
11374
11378
11379
11380
11381
11385
11386
11387
11392
11396
11397
11400
11404
11415
11422
11427
11431
11433
11435
11438
11440
11445
11458
11459
11461
11462
11470
11473
11474
11475
11478
11487
11489
11491
11505
11507
11511
11513
11514
11517
11520
11523
11529
11530
11535
11542
11549
11554
11556
11558
11560
11561
11564
11568
11569
11570
11573
11577
11578
11579
11580
11581
11588
11591
11595
11597
11612
11613
11620
11624
11633
11636
11637
11638
11639
11641
11643
11648
11656
11658
11659
11661
11667
11668
11669
11680
11681
11686
11688
11690
11697
11712
11715
11717
11721
11725
11726
11728
11730
11739
11741
11744
11746
11747
11748
11752
11761
11763
11768
11769
11771
11776
11777
11781
11782
11785
11790
11791
11796
11797
11801
11802
11804
11807
11811
11812
11817
11823
11824
11830
11836
11837
11840
11843
11845
11848
11849
11850
11852
11857
11858
11862
11863
11866
11868
11877
11878
11881
11883
11884
11886
11888
11889
11890
11891
11894
11895
11898
11904
11907
11915
11918
11920
11921
11924
11925
11928
11930
11935
11942
11945
11948
11949
11950
11958
11960
11961
11962
11964
11965
11969
11972
11973
11975
11977
11980
11985
11988
11989
11990
11997
11999
12000
12001
12005
12010
12016
12021
12022
12027
12028
12033
12035
12039
12040
12048
12050
12059
12066
12071
12072
12076
12083
12089
12095
12096
12100
12101
12106
12110
12117
12118
12124
12128
12130
12133
12134
12138
12139
12146
12147
12149
12151
12157
12163
12167
12173
12176
12177
12181
12182
12183
12184
12188
12192
12197
12199
12209
12211
12212
12219
12224
12228
12229
12240
12243
12244
12249
12250
12253
12255
12256
12260
12261
12262
12265
12271
12277
12278
12279
12280
12284
12285
12288
12291
12299
12300
12302
12303
12305
12306
12307
12308
12319
12322
12324
12330
12331
12333
12335
12337
12339
12341
12344
12351
12353
12356
12357
12359
12367
12368
12369
12377
12378
12381
12383
12385
12386
12387
12389
12390
12393
12395
12398
12399
12400
12402
12405
12414
12418
12420
12421
12423
12424
12437
12439
12440
12450
12452
12454
12455
12458
12461
12462
12463
12464
12466
12469
12470
12473
12476
12477
12478
12481
12482
12484
12487
12488
12493
12495
12498
12510
12511
12524
12527
12528
12529
12533
12536
12540
12542
12546
12554
12558
12562
12565
12566
12569
12573
12574
12576
12579
12590
12591
12596
12599
12601
12602
12604
12605
12609
12611
12612
12613
12622
12631
12635
12642
12649
12651
12655
12666
12667
12669
12671
12672
12673
12675
12676
12679
12682
12683
12687
12688
12690
12696
12699
12700
12701
12703
12708
12711
12714
12720
12724
12725
12731
12732
12733
12734
12735
12737
12743
12745
12750
12753
12756
12758
12760
12767
12769
12778
12781
12782
12783
12788
12789
12792
12795
12800
12802
12805
12808
12809
12811
12815
12816
12821
12823
12829
12833
12836
12837
12840
12841
12844
12845
12850
12851
12855
12860
12870
12871
12885
12890
12891
12892
12896
12897
12899
12901
12920
12927
12928
12930
12931
12933
12939
12940
12942
12946
12947
12948
12949
12956
12957
12958
12959
12960
12964
12965
12969
12970
12973
12974
12975
12978
12983
12984
12987
12989
12991
12994
12997
12998
12999
13000
13002
13012
13013
13014
13015
13016
13018
13020
13022
13023
13024
13028
13029
13032
13035
13036
13040
13041
13042
13044
13047
13048
13052
13053
13055
13056
13058
13062
13063
13066
13067
13070
13071
13072
13074
13078
13081
13083
13088
13095
13099
13103
13104
13108
13109
13110
13115
13116
13117
13122
13126
13129
13130
13141
13142
13143
13149
13154
13159
13164
13165
13167
13169
13171
13175
13178
13179
13181
13183
13185
13186
13187
13195
13198
13200
13202
13203
13205
13206
13208
13210
13214
13215
13217
13219
13228
13229
13230
13232
13236
13241
13244
13245
13248
13252
13255
13259
13262
13268
13270
13281
13284
13286
13288
13292
13296
13300
13305
13307
13310
13312
13314
13319
13321
13322
13323
13324
13349
13350
13354
13355
13357
13358
13362
13380
13383
13387
13389
13393
13395
13406
13407
13408
13412
13415
13419
13420
13424
13425
13428
13431
13434
13435
13440
13441
13442
13445
13448
13449
13450
13452
13454
13463
13466
13467
13471
13472
13477
13479
13482
13487
13488
13492
13501
13516
13519
13520
13521
13527
13528
13531
13535
13537
13539
13541
13544
13551
13554
13558
13565
13566
13569
13573
13574
13579
13580
13582
13585
13586
13589
13592
13593
13595
13598
13610
13618
13626
13629
13630
13631
13637
13641
13642
13647
13649
13650
13662
13664
13665
13669
13671
13674
13679
13682
13684
13692
13693
13695
13699
13701
13704
13707
13710
13716
13719
13724
13729
13732
13734
13737
13743
13744
13747
13757
13758
13764
13769
13772
13778
13782
13784
13785
13788
13790
13791
13792
13796
13797
13800
13801
13804
13805
13811
13815
13817
13818
13819
13821
13828
13830
13838
13843
13849
13857
13862
13865
13868
13875
13877
13878
13889
13891
13894
13902
13904
13906
13911
13914
13916
13917
13919
13920
13923
13931
13933
13934
13937
13940
13941
13942
13944
13947
13948
13954
13958
13970
13972
13977
13981
13986
13990
13992
13995
13997
13998
14001
14003
14005
14017
14018
14020
14023
14030
14035
14036
14039
14040
14041
14048
14051
14054
14058
14062
14066
14069
14073
14078
14090
14091
14093
14097
14098
14100
14105
14106
14108
14113
14115
14119
14121
14125
14126
14129
14130
14133
14134
14137
14139
14141
14145
14148
14149
14150
14156
14161
14162
14165
14166
14167
14169
14171
14176
14179
14181
14182
14187
14189
14190
14191
14192
14201
14203
14205
14207
14214
14220
14221
14223
14226
14235
14237
14242
14245
14248
14255
14257
14259
14263
14265
14266
14271
14274
14278
14283
14287
14288
14289
14291
14292
14293
14296
14302
14303
14304
14305
14306
14308
14311
14313
14323
14324
14336
14352
14353
14355
14361
14362
14366
14376
14378
14379
14382
14386
14387
14391
14394
14397
14398
14399
14402
14409
14415
14416
14418
14431
14439
14442
14444
14452
14453
14455
14456
14461
14467
14468
14472
14480
14481
14482
14483
14485
14491
14493
14495
14499
14504
14506
14507
14510
14511
14517
14521
14523
14524
14527
14532
14534
14538
14539
14541
14542
14544
14546
14547
14551
14556
14562
14563
14565
14569
14573
14576
14577
14579
14580
14583
14584
14585
14592
14595
14598
14605
14606
14609
14615
14620
14624
14633
14636
14637
14642
14644
14647
14653
14656
14657
14658
14659
14660
14661
14662
14663
14664
14665
14669
14677
14684
14688
14691
14698
14699
14705
14707
14711
14712
14714
14715
14721
14727
14728
14730
14731
14736
14741
14742
14745
14747
14748
14753
14754
14755
14757
14761
14763
14770
14771
14772
14775
14777
14780
14783
14784
14791
14800
14801
14802
14817
14822
14823
14830
14831
14834
14838
14848
14855
14856
14859
14862
14865
14867
14868
14870
14873
14878
14882
14883
14884
14886
14897
14898
14903
14904
14905
14909
14910
14915
14916
14917
14924
14926
14929
14932
14936
14944
14947
14953
14960
14961
14962
14965
14967
14969
14970
14972
14976
14979
14980
14982
14983
14985
14987
14988
14994
14999
15000
15001
15010
15016
15017
15018
15020
15023
15024
15025
15026
15027
15031
15034
15040
15041
15042
15043
15044
15054
15056
15058
15062
15063
15065
15066
15067
15070
15071
15073
15079
15086
15087
15095
15100
15101
15103
15106
15109
15113
15114
15115
15116
15117
15118
15119
15121
15126
15127
15128
15129
15135
15136
15142
15143
15148
15151
15152
15153
15165
15166
15171
15178
15179
15181
15183
15188
15194
15195
15196
15201
15204
15205
15212
15214
15219
15222
15226
15228
15233
15244
15246
15247
15248
15249
15256
15258
15263
15264
15271
15273
15274
15275
15276
15280
15281
15290
15297
15299
15303
15308
15309
15313
15316
15320
15324
15327
15330
15333
15341
15345
15350
15352
15357
15359
15363
15366
15368
15370
15371
15372
15374
15377
15380
15383
15385
15389
15394
15396
15398
15403
15404
15405
15410
15411
15412
15413
15414
15415
15419
15423
15424
15429
15433
15435
15437
15443
15452
15453
15454
15455
15467
15468
15471
15474
15479
15481
15482
15483
15485
15486
15491
15492
15495
15497
15501
15504
15505
15506
15508
15511
15513
15515
15517
15519
15525
15527
15529
15531
15534
15535
15551
15552
15555
15557
15561
15562
15567
15568
15575
15577
15578
15579
15582
15583
15585
15588
15592
15599
15601
15602
15604
15608
15610
15611
15623
15627
15628
15631
15638
15641
15644
15649
15653
15662
15664
15666
15669
15670
15671
15676
15677
15678
15680
15681
15682
15685
15686
15687
15688
15694
15695
15696
15697
15700
15701
15706
15712
15713
15723
15724
15727
15729
15733
15739
15740
15743
15745
15747
15748
15751
15753
15755
15762
15767
15768
15773
15775
15777
15780
15782
15785
15786
15790
15793
15794
15796
15799
15803
15804
15805
15806
15809
15812
15820
15821
15826
15827
15828
15835
15836
15837
15838
15839
15843
15847
15850
15856
15857
15858
15860
15867
15872
15874
15875
15876
15877
15883
15885
15887
15889
15893
15896
15897
15901
15903
15904
15905
15907
15908
15910
15918
15922
15925
15926
15927
15929
15932
15934
15935
15936
15938
15939
15940
15943
15944
15949
15951
15952
15956
15959
15961
15963
15970
15971
15972
15973
15986
15989
15991
15995
15998
15999
16001
16005
16007
16011
16013
16022
16028
16029
16034
16040
16045
16048
16052
16054
16056
16060
16064
16067
16069
16070
16075
16079
16080
16084
16085
16090
16091
16100
16101
16102
16104
16109
16111
16115
16117
16120
16121
16122
16134
16138
16139
16141
16147
16152
16155
16162
16164
16168
16172
16174
16175
16180
16181
16182
16184
16188
16195
16200
16205
16206
16209
16210
16211
16212
16215
16220
16223
16224
16225
16228
16231
16232
16235
16236
16248
16249
16250
16257
16259
16270
16274
16275
16278
16280
16285
16286
16287
16289
16290
16294
16295
16302
16304
16305
16307
16308
16309
16315
16318
16319
16322
16325
16329
16332
16335
16338
16342
16347
16351
16354
16357
16359
16361
16363
16364
16368
16370
16374
16380
16381
16397
16398
16399
16404
16405
16406
16411
16418
16419
16420
16421
16422
16426
16427
16429
16438
16440
16441
16442
16443
16446
16449
16453
16457
16464
16465
16466
16467
16479
16481
16483
16485
16488
16489
16490
16494
16499
16500
16510
16516
16519
16521
16522
16525
16528
16529
16531
16534
16535
16537
16538
16542
16543
16545
16546
16549
16552
16553
16554
16560
16562
16564
16571
16573
16575
16578
16579
16582
16584
16586
16589
16591
16592
16597
16598
16600
16602
16603
16615
16616
16618
16619
16620
16622
16626
16628
16629
16631
16633
16634
16635
16640
16642
16647
16648
16649
16651
16653
16654
16657
16659
16663
16670
16672
16678
16679
16681
16683
16685
16689
16693
16695
16699
16712
16714
16721
16726
16728
16731
16733
16737
16739
16743
16745
16758
16759
16760
16761
16763
16766
16768
16769
16773
16775
16778
16779
16780
16781
16782
16786
16788
16795
16797
16801
16803
16815
16819
16820
16822
16827
16829
16830
16831
16833
16838
16840
16842
16850
16853
16855
16860
16864
16867
16873
16874
16875
16880
16882
16884
16885
16887
16888
16889
16891
16894
16896
16897
16900
16903
16906
16910
16915
16925
16931
16933
16936
16949
16954
16956
16958
16959
16960
16962
16964
16965
16972
16975
16977
16984
16986
16989
16993
16996
16997
16998
17006
17011
17013
17014
17015
17019
17020
17030
17032
17037
17042
17044
17045
17046
17050
17054
17057
17059
17064
17065
17074
17077
17081
17083
17084
17091
17096
17097
17098
17101
17105
17110
17117
17119
17121
17122
17128
17129
17130
17133
17136
17139
17140
17142
17146
17149
17155
17157
17159
17165
17170
17171
17173
17180
17187
17188
17190
17192
17199
17202
17203
17205
17209
17212
17220
17225
17229
17230
17231
17232
17236
17237
17240
17244
17245
17249
17251
17252
17259
17261
17262
17276
17281
17283
17284
17286
17287
17290
17291
17295
17302
17304
17305
17306
17309
17311
17314
17316
17318
17322
17325
17327
17330
17332
17336
17337
17341
17347
17348
17351
17353
17356
17361
17363
17365
17369
17371
17372
17373
17374
17380
17384
17391
17394
17395
17406
17417
17418
17421
17422
17424
17426
17429
17431
17433
17434
17436
17439
17442
17444
17447
17449
17450
17452
17454
17457
17459
17462
17463
17465
17468
17472
17474
17477
17481
17483
17486
17488
17490
17492
17495
17499
17500
17501
17505
17508
17515
17517
17521
17522
17523
17525
17530
17533
17536
17545
17547
17548
17553
17554
17556
17560
17561
17566
17567
17568
17572
17573
17577
17579
17587
17592
17604
17609
17610
17615
17620
17622
17623
17626
17632
17634
17637
17639
17640
17644
17646
17650
17653
17655
17657
17658
17660
17661
17662
17666
17668
17675
17680
17681
17683
17686
17689
17693
17694
17697
17699
17702
17703
17705
17706
17708
17709
17710
17711
17714
17719
17722
17724
17728
17730
17740
17744
17746
17750
17753
17759
17762
17764
17773
17774
17775
17777
17780
17783
17784
17791
17795
17801
17802
17807
17814
17817
17822
17824
17825
17829
17830
17831
17833
17837
17838
17840
17843
17846
17851
17852
17853
17857
17868
17871
17879
17881
17891
17893
17894
17895
17911
17914
17915
17926
17928
17929
17936
17938
17941
17945
17946
17948
17949
17952
17955
17956
17968
17972
17974
17976
17977
17978
17979
17980
17982
17983
17984
17987
17988
17989
17991
17992
17995
17997
18000
18001
18002
18003
18005
18006
18009
18011
18012
18015
18017
18019
18022
18033
18044
18047
18048
18053
18056
18068
18075
18076
18078
18084
18085
18086
18088
18093
18094
18096
18102
18103
18105
18110
18114
18117
18120
18124
18127
18129
18130
18139
18141
18151
18155
18167
18168
18171
18177
18181
18184
18186
18187
18189
18192
18199
18200
18203
18206
18207
18210
18212
18213
18214
18218
18220
18227
18228
18229
18230
18241
18243
18247
18256
18262
18265
18269
18271
18272
18275
18276
18280
18281
18282
18283
18289
18291
18292
18294
18303
18305
18306
18309
18311
18313
18318
18319
18320
18321
18322
18324
18329
18330
18331
18334
18336
18337
18338
18339
18342
18343
18348
18351
18353
18354
18358
18363
18364
18366
18369
18373
18383
18385
18393
18396
18398
18399
18400
18402
18403
18404
18408
18411
18412
18416
18429
18430
18432
18433
18445
18450
18452
18454
18457
18465
18475
18478
18483
18484
18490
18491
18493
18494
18496
18501
18505
18506
18507
18508
18514
18516
18521
18523
18524
18527
18534
18541
18542
18545
18546
18547
18559
18561
18567
18569
18571
18574
18583
18585
18586
18588
18590
18593
18613
18615
18618
18629
18630
18637
18638
18642
18645
18653
18654
18656
18657
18664
18668
18672
18676
18680
18682
18683
18685
18686
18690
18696
18700
18701
18702
18703
18707
18709
18710
18714
18715
18716
18718
18720
18726
18734
18737
18739
18742
18751
18752
18755
18758
18762
18780
18781
18783
18786
18789
18791
18792
18794
18795
18806
18808
18809
18811
18816
18819
18821
18822
18823
18824
18829
18830
18835
18838
18840
18842
18843
18847
18860
18864
18866
18867
18872
18874
18879
18883
18889
18895
18901
18903
18904
18906
18910
18914
18915
18919
18928
18933
18945
18947
18950
18952
18953
18954
18960
18964
18966
18967
18971
18972
18973
18978
18989
18993
18995
18997
18999
19000
19005
19008
19009
19010
19011
19012
19013
19016
19022
19029
19030
19040
19042
19045
19051
19053
19055
19057
19077
19078
19079
19080
19081
19085
19090
19092
19093
19097
19100
19101
19105
19108
19110
19115
19119
19122
19123
19124
19128
19136
19138
19146
19147
19149
19152
19154
19155
19157
19164
19169
19171
19174
19175
19177
19179
19181
19182
19183
19184
19186
19188
19189
19190
19191
19192
19197
19198
19201
19206
19213
19220
19224
19226
19227
19231
19236
19238
19243
19247
19249
19252
19254
19256
19260
19261
19262
19263
19265
19275
19279
19288
19295
19301
19311
19316
19319
19320
19321
19330
19331
19334
19337
19340
19343
19344
19345
19348
19350
19353
19354
19356
19357
19359
19360
19362
19363
19369
19371
19374
19375
19376
19387
19389
19397
19399
19405
19410
19414
19417
19419
19420
19426
19430
19433
19435
19436
19437
19439
19440
19442
19447
19450
19451
19453
19454
19456
19459
19474
19479
19485
19488
19490
19492
19494
19495
19496
19506
19511
19516
19523
19527
19536
19537
19541
19546
19547
19555
19556
19557
19558
19562
19563
19567
19572
19574
19575
19577
19578
19582
19586
19590
19594
19596
19597
19603
19609
19614
19621
19625
19627
19629
19631
19633
19640
19643
19644
19645
19651
19654
19659
19662
19669
19670
19673
19675
19677
19682
19687
19690
19695
19696
19699
19702
19710
19711
19714
19716
19720
19722
19729
19735
19736
19737
19739
19744
19746
19750
19753
19755
19759
19762
19763
19764
19766
19772
19776
19779
19780
19781
19789
19791
19794
19798
19808
19809
19810
19816
19824
19827
19830
19835
19842
19847
19848
19850
19851
19864
19867
19879
19885
19886
19889
19891
19893
19902
19903
19904
19905
19907
19911
19924
19928
19932
19935
19937
19938
19943
19944
19950
19952
19955
19956
19959
19966
19967
19971
19972
19973
19981
19995
19997
19999
