1
3
7
13
15
19
27
29
31
36
47
49
54
61
69
76
78
81
83
85
91
93
95
97
99
100
108
109
110
115
124
125
126
132
137
139
142
145
146
147
149
150
152
153
154
155
157
171
178
182
186
192
194
196
200
205
207
209
213
215
217
221
238
240
243
248
256
260
263
266
268
270
271
273
279
284
285
286
298
300
302
304
310
312
314
316
320
329
332
334
347
355
365
367
369
371
375
381
385
389
393
398
406
408
410
415
416
418
422
426
432
445
447
451
455
457
459
460
464
466
468
473
475
487
490
494
495
501
503
507
508
511
516
519
521
525
531
536
538
540
542
544
550
554
557
563
565
567
568
571
572
575
587
588
601
608
613
615
629
632
633
637
639
640
642
648
651
653
656
661
665
667
669
671
673
677
679
683
691
692
697
701
706
707
710
715
717
721
723
729
732
738
743
744
748
749
752
753
754
756
758
761
762
763
766
768
774
775
777
781
785
788
789
790
792
794
798
802
805
809
811
813
814
818
823
824
829
830
834
836
847
848
851
852
854
856
865
872
874
876
878
880
893
895
900
901
904
911
915
916
921
925
928
931
933
937
939
941
945
948
950
952
955
957
960
962
964
972
976
979
980
982
984
988
990
993
996
997
998
1003
1004
1005
1009
1019
1024
1026
1030
1032
1034
1036
1037
1039
1048
1052
1056
1062
1073
1075
1077
1079
1087
1101
1102
1104
1106
1111
1115
1117
1119
1121
1125
1131
1135
1138
1142
1143
1150
1152
1167
1169
1173
1181
1183
1191
1192
1195
1200
1204
1208
1218
1219
1222
1224
1225
1226
1230
1232
1233
1235
1237
1238
1239
1242
1248
1254
1256
1263
1268
1269
1270
1272
1279
1287
1292
1294
1296
1297
1298
1302
1308
1310
1313
1316
1321
1325
1327
1334
1336
1339
1342
1344
1346
1353
1357
1358
1359
1361
1366
1368
1375
1377
1379
1381
1383
1384
1385
1387
1389
1390
1392
1399
1401
1403
1405
1409
1412
1418
1427
1430
1431
1433
1434
1439
1441
1443
1445
1461
1468
1483
1485
1488
1490
1492
1496
1498
1499
1503
1505
1509
1510
1511
1514
1517
1523
1525
1528
1529
1531
1533
1539
1542
1545
1546
1554
1556
1557
1559
1561
1563
1572
1576
1578
1580
1582
1584
1589
1591
1595
1597
1599
1602
1605
1607
1612
1614
1615
1618
1621
1629
1632
1635
1639
1644
1646
1652
1661
1668
1674
1677
1678
1680
1684
1686
1687
1694
1698
1699
1701
1703
1707
1709
1713
1714
1715
1717
1722
1733
1737
1750
1753
1755
1757
1759
1764
1766
1768
1770
1774
1776
1779
1781
1783
1786
1790
1794
1796
1802
1804
1810
1815
1819
1820
1821
1827
1829
1831
1832
1835
1840
1841
1843
1847
1849
1851
1853
1854
1859
1862
1865
1867
1871
1875
1877
1881
1882
1883
1885
1887
1889
1891
1893
1895
1897
1903
1905
1912
1914
1918
1924
1936
1937
1940
1949
1956
1957
1965
1968
1978
1981
1985
1989
1991
1995
1997
2000
2002
2004
2005
2006
2008
2012
2022
2028
2032
2038
2041
2045
2050
2051
2053
2054
2057
2059
2063
2067
2072
2074
2076
2081
2085
2087
2089
2092
2097
2101
2105
2107
2109
2112
2115
2117
2127
2134
2136
2141
2143
2144
2147
2155
2159
2160
2165
2169
2172
2175
2179
2181
2182
2184
2186
2191
2192
2193
2194
2197
2203
2205
2206
2212
2213
2216
2218
2220
2221
2223
2225
2229
2237
2239
2243
2247
2249
2253
2255
2261
2268
2272
2274
2276
2280
2286
2288
2290
2293
2295
2297
2299
2301
2302
2306
2311
2312
2315
2318
2329
2331
2334
2335
2337
2338
2339
2341
2343
2344
2345
2348
2352
2359
2363
2365
2367
2369
2371
2375
2379
2381
2387
2391
2393
2395
2398
2399
2401
2406
2408
2411
2412
2415
2421
2425
2433
2440
2448
2449
2463
2465
2468
2475
2482
2488
2490
2493
2495
2499
2500
2503
2504
2506
2511
2512
2515
2520
2522
2525
2533
2538
2551
2554
2555
2558
2560
2566
2575
2577
2580
2581
2584
2590
2592
2595
2597
2601
2604
2605
2607
2613
2616
2617
2618
2620
2624
2626
2635
2641
2645
2650
2651
2655
2658
2660
2664
2670
2674
2678
2680
2682
2686
2690
2693
2699
2700
2701
2704
2707
2715
2717
2719
2727
2730
2734
2740
2745
2747
2749
2752
2755
2757
2761
2765
2769
2772
2780
2784
2790
2795
2798
2799
2806
2808
2812
2814
2820
2822
2829
2834
2836
2838
2842
2844
2846
2849
2850
2854
2856
2858
2861
2862
2869
2877
2881
2883
2886
2890
2892
2896
2900
2903
2904
2906
2907
2909
2910
2911
2921
2928
2931
2933
2941
2942
2945
2946
2947
2949
2957
2959
2966
2970
2973
2974
2983
2989
2991
2996
2999
3003
3005
3008
3009
3011
3012
3013
3018
3021
3022
3023
3025
3027
3038
3040
3045
3049
3050
3052
3055
3062
3066
3069
3071
3075
3077
3079
3088
3089
3090
3093
3097
3104
3105
3109
3112
3114
3116
3130
3132
3135
3136
3137
3141
3143
3145
3147
3149
3155
3157
3159
3160
3162
3164
3165
3168
3177
3183
3189
3196
3197
3200
3202
3204
3208
3210
3212
3214
3222
3223
3225
3228
3233
3240
3244
3248
3250
3251
3252
3254
3259
3260
3263
3267
3269
3271
3272
3273
3275
3277
3278
3280
3282
3284
3285
3292
3300
3301
3303
3305
3314
3316
3317
3318
3320
3322
3324
3325
3327
3332
3334
3338
3340
3342
3344
3348
3349
3351
3354
3355
3361
3367
3369
3371
3373
3379
3383
3385
3387
3389
3391
3392
3393
3395
3398
3399
3405
3409
3411
3413
3418
3425
3426
3429
3431
3435
3441
3446
3448
3449
3450
3455
3456
3458
3462
3466
3470
3471
3472
3477
3479
3481
3485
3487
3491
3493
3495
3497
3499
3501
3509
3515
3517
3522
3523
3526
3532
3536
3540
3541
3543
3545
3547
3550
3555
3558
3559
3566
3567
3568
3576
3577
3585
3586
3588
3590
3592
3601
3603
3607
3615
3616
3618
3619
3623
3625
3627
3628
3629
3633
3634
3638
3640
3645
3649
3651
3653
3657
3661
3666
3668
3673
3674
3677
3682
3684
3686
3692
3695
3697
3707
3709
3711
3712
3716
3722
3723
3725
3730
3734
3735
3738
3739
3741
3745
3748
3750
3756
3767
3769
3771
3775
3777
3782
3785
3787
3792
3795
3797
3801
3803
3806
3807
3809
3810
3814
3816
3818
3824
3827
3829
3831
3832
3836
3838
3844
3846
3850
3855
3859
3860
3862
3863
3865
3875
3877
3883
3884
3887
3891
3892
3895
3899
3901
3906
3907
3908
3910
3914
3918
3919
3921
3923
3932
3942
3946
3949
3951
3952
3955
3956
3959
3967
3969
3971
3973
3978
3980
3981
3989
3991
3993
3994
3996
4001
4003
4004
4009
4019
4023
4028
4030
4035
4041
4044
4045
4050
4051
4054
4057
4059
4065
4071
4074
4076
4078
4094
4096
4098
4100
4103
4105
4107
4109
4111
4117
4121
4122
4131
4132
4137
4139
4142
4146
4153
4155
4164
4169
4174
4176
4180
4181
4182
4186
4187
4188
4190
4191
4194
4196
4197
4199
4201
4206
4209
4210
4211
4213
4214
4217
4219
4220
4226
4228
4232
4234
4238
4240
4242
4243
4246
4248
4250
4254
4255
4256
4258
4263
4267
4268
4270
4272
4274
4278
4280
4284
4290
4291
4292
4294
4296
4303
4306
4308
4311
4312
4314
4316
4318
4320
4322
4323
4324
4326
4331
4334
4341
4342
4345
4346
4354
4359
4360
4363
4367
4371
4374
4378
4380
4383
4384
4387
4389
4398
4400
4405
4406
4409
4411
4412
4416
4420
4423
4430
4439
4442
4443
4445
4446
4447
4451
4453
4454
4456
4458
4459
4460
4464
4468
4470
4471
4476
4480
4481
4483
4486
4494
4497
4498
4501
4502
4503
4505
4507
4509
4511
4516
4522
4527
4528
4529
4531
4532
4536
4538
4544
4550
4557
4559
4561
4562
4568
4571
4577
4586
4592
4593
4598
4600
4602
4603
4605
4608
4610
4612
4614
4617
4620
4625
4633
4636
4638
4640
4642
4644
4648
4650
4651
4654
4657
4658
4662
4666
4674
4675
4679
4682
4687
4688
4691
4696
4698
4700
4708
4711
4715
4717
4724
4726
4728
4732
4734
4736
4739
4740
4746
4756
4757
4762
4764
4765
4767
4769
4771
4775
4777
4781
4783
4784
4785
4793
4801
4803
4805
4807
4812
4817
4818
4823
4827
4829
4833
4837
4843
4848
4851
4854
4866
4870
4873
4875
4877
4881
4884
4887
4892
4902
4907
4920
4923
4925
4928
4934
4939
4941
4945
4948
4950
4953
4957
4959
4968
4971
4972
4975
4976
4986
4988
4992
4996
4999
5001
5003
5008
5010
5011
5020
5024
5027
5033
5048
5050
5053
5057
5060
5063
5064
5065
5069
5071
5074
5078
5081
5085
5087
5088
5091
5095
5097
5104
5107
5109
5110
5113
5116
5121
5123
5124
5130
5137
5140
5142
5144
5146
5147
5150
5153
5155
5157
5158
5161
5162
5164
5168
5179
5182
5183
5185
5188
5190
5191
5194
5196
5198
5202
5209
5214
5217
5218
5221
5225
5231
5233
5234
5237
5239
5242
5243
5245
5247
5252
5257
5258
5260
5262
5264
5266
5268
5269
5274
5276
5282
5283
5284
5291
5296
5297
5302
5304
5306
5308
5309
5313
5318
5319
5321
5323
5328
5336
5343
5346
5348
5349
5351
5364
5369
5375
5377
5381
5383
5385
5387
5392
5394
5400
5402
5404
5406
5410
5413
5420
5424
5426
5440
5442
5450
5453
5456
5457
5460
5464
5466
5470
5472
5479
5481
5483
5485
5487
5494
5497
5499
5502
5507
5509
5510
5512
5516
5517
5518
5520
5522
5524
5533
5535
5537
5539
5540
5543
5544
5545
5547
5549
5560
5563
5567
5573
5575
5576
5581
5583
5591
5592
5600
5602
5605
5613
5615
5617
5618
5620
5621
5622
5624
5626
5628
5629
5631
5638
5640
5642
5654
5657
5658
5664
5666
5674
5678
5682
5684
5688
5691
5696
5697
5701
5708
5711
5716
5718
5719
5720
5721
5723
5726
5727
5732
5735
5736
5738
5741
5742
5744
5745
5748
5750
5752
5753
5756
5761
5766
5769
5775
5777
5783
5784
5786
5790
5796
5806
5807
5813
5815
5816
5818
5828
5832
5834
5835
5836
5838
5840
5842
5845
5848
5852
5854
5855
5858
5862
5864
5866
5868
5876
5880
5885
5887
5888
5895
5899
5903
5905
5907
5913
5915
5917
5919
5921
5923
5928
5929
5931
5932
5934
5936
5943
5948
5949
5953
5959
5961
5962
5964
5973
5975
5981
5985
5991
5994
5995
5999
6002
6006
6008
6010
6011
6015
6019
6021
6023
6027
6030
6038
6040
6041
6047
6051
6054
6065
6067
6070
6072
6076
6083
6084
6087
6091
6096
6098
6101
6110
6113
6118
6120
6123
6125
6129
6131
6132
6134
6138
6145
6147
6154
6156
6159
6160
6161
6163
6168
6170
6173
6180
6184
6186
6188
6191
6193
6199
6201
6202
6205
6210
6215
6217
6218
6223
6228
6230
6234
6235
6237
6241
6243
6247
6250
6252
6253
6257
6262
6270
6272
6276
6278
6279
6282
6286
6288
6291
6294
6296
6298
6300
6302
6304
6306
6310
6311
6312
6316
6321
6324
6326
6328
6330
6332
6346
6347
6356
6361
6363
6369
6373
6375
6379
6380
6382
6383
6390
6394
6396
6399
6400
6403
6405
6407
6409
6411
6416
6427
6429
6431
6433
6439
6445
6446
6447
6449
6451
6457
6459
6461
6462
6466
6468
6470
6472
6475
6476
6479
6494
6497
6498
6500
6502
6508
6510
6512
6516
6518
6520
6523
6525
6531
6537
6553
6556
6559
6563
6569
6570
6574
6578
6579
6583
6584
6586
6588
6590
6593
6595
6597
6599
6601
6603
6604
6606
6609
6611
6615
6616
6623
6625
6631
6636
6642
6644
6652
6656
6657
6658
6660
6664
6667
6668
6672
6674
6678
6682
6683
6684
6686
6687
6688
6692
6693
6694
6696
6700
6704
6709
6713
6715
6716
6721
6723
6725
6728
6729
6731
6734
6736
6738
6742
6749
6751
6753
6755
6761
6766
6768
6775
6777
6785
6787
6791
6793
6795
6797
6799
6806
6813
6815
6816
6824
6826
6828
6830
6832
6835
6836
6838
6840
6842
6844
6846
6855
6857
6860
6863
6878
6879
6882
6887
6890
6893
6896
6898
6907
6909
6911
6913
6914
6915
6919
6921
6923
6925
6926
6929
6931
6934
6936
6940
6942
6949
6951
6952
6954
6955
6959
6960
6961
6963
6967
6968
6969
6972
6974
6978
6981
6982
6984
6990
6992
7009
7011
7013
7022
7023
7025
7027
7030
7037
7039
7041
7043
7047
7049
7052
7053
7056
7058
7064
7068
7073
7074
7076
7077
7080
7082
7088
7089
7091
7093
7100
7105
7106
7110
7112
7114
7115
7120
7124
7126
7128
7129
7132
7133
7135
7140
7146
7148
7150
7152
7154
7156
7162
7163
7164
7166
7168
7173
7182
7184
7188
7190
7196
7202
7204
7210
7214
7218
7222
7224
7229
7230
7234
7236
7238
7245
7248
7251
7253
7256
7258
7262
7264
7268
7270
7280
7284
7293
7297
7299
7302
7303
7305
7306
7308
7313
7317
7321
7323
7325
7333
7334
7338
7343
7345
7350
7352
7355
7360
7364
7365
7367
7370
7372
7376
7384
7385
7389
7390
7393
7397
7398
7400
7406
7417
7424
7431
7433
7434
7437
7439
7445
7446
7449
7455
7457
7459
7463
7465
7467
7470
7471
7473
7479
7488
7492
7493
7498
7500
7502
7505
7506
7509
7515
7517
7526
7529
7531
7537
7539
7541
7553
7559
7562
7564
7569
7572
7576
7579
7585
7591
7595
7597
7600
7601
7605
7609
7610
7612
7615
7618
7621
7624
7625
7627
7631
7639
7641
7643
7645
7647
7649
7651
7653
7654
7655
7656
7658
7666
7669
7673
7674
7679
7680
7684
7686
7691
7695
7700
7706
7707
7709
7711
7715
7717
7723
7724
7729
7731
7732
7733
7737
7741
7743
7747
7749
7750
7752
7755
7756
7760
7767
7769
7771
7775
7779
7783
7787
7789
7792
7794
7795
7798
7799
7810
7812
7813
7826
7829
7831
7833
7836
7838
7848
7851
7854
7857
7859
7861
7865
7867
7869
7873
7876
7879
7881
7883
7884
7885
7886
7892
7896
7900
7902
7904
7908
7910
7912
7913
7917
7919
7922
7927
7929
7931
7933
7935
7937
7939
7941
7944
7946
7949
7953
7959
7960
7966
7968
7973
7975
7978
7991
7995
8000
8002
8008
8010
8016
8018
8020
8022
8024
8025
8027
8028
8031
8032
8038
8048
8049
8051
8052
8055
8057
8059
8063
8067
8069
8071
8072
8074
8080
8089
8096
8097
8101
8102
8104
8107
8116
8118
8129
8134
8136
8139
8141
8144
8149
8155
8159
8160
8168
8170
8172
8174
8176
8181
8190
8197
8199
8201
8205
8210
8212
8215
8219
8221
8223
8225
8227
8230
8232
8235
8236
8240
8244
8248
8252
8253
8255
8257
8261
8263
8268
8270
8275
8281
8283
8285
8288
8291
8294
8297
8303
8312
8313
8314
8322
8328
8330
8332
8334
8338
8340
8342
8344
8346
8347
8349
8351
8354
8357
8359
8361
8363
8365
8367
8373
8383
8385
8387
8391
8393
8395
8399
8400
8403
8408
8412
8417
8424
8426
8429
8432
8438
8439
8445
8446
8447
8448
8455
8460
8465
8469
8471
8474
8482
8486
8488
8490
8494
8498
8502
8504
8505
8509
8511
8513
8517
8520
8523
8525
8527
8529
8534
8538
8540
8542
8546
8548
8550
8552
8556
8558
8560
8562
8564
8567
8569
8577
8579
8585
8592
8602
8604
8606
8611
8615
8618
8623
8629
8631
8640
8644
8652
8662
8667
8672
8676
8678
8680
8681
8682
8684
8686
8692
8701
8703
8707
8708
8709
8715
8717
8722
8727
8735
8737
8741
8747
8751
8753
8756
8757
8761
8762
8763
8765
8771
8775
8776
8779
8789
8791
8796
8797
8805
8807
8810
8813
8815
8820
8822
8829
8833
8840
8841
8846
8855
8858
8862
8865
8869
8871
8877
8881
8883
8890
8896
8902
8904
8911
8913
8920
8921
8925
8930
8931
8933
8936
8938
8941
8952
8956
8957
8967
8971
8973
8974
8976
8979
8982
8984
8990
8995
8997
8999
9004
9006
9009
9012
9016
9020
9022
9029
9033
9036
9041
9045
9046
9048
9052
9053
9055
9057
9061
9063
9069
9073
9076
9079
9084
9086
9088
9097
9100
9104
9106
9108
9110
9112
9114
9118
9125
9127
9129
9137
9139
9140
9142
9145
9146
9147
9153
9158
9160
9162
9165
9169
9170
9172
9174
9179
9180
9182
9183
9184
9198
9200
9203
9209
9213
9217
9219
9223
9227
9234
9243
9244
9246
9251
9263
9265
9276
9277
9287
9289
9291
9294
9295
9298
9301
9303
9311
9313
9315
9317
9323
9327
9332
9339
9340
9343
9347
9349
9350
9358
9362
9366
9368
9371
9374
9376
9382
9384
9390
9392
9393
9395
9398
9399
9404
9405
9409
9411
9413
9414
9416
9420
9422
9426
9428
9434
9436
9438
9445
9451
9452
9461
9471
9473
9479
9483
9484
9486
9487
9490
9492
9496
9498
9499
9500
9502
9504
9506
9507
9508
9512
9513
9516
9520
9521
9522
9524
9526
9529
9530
9531
9537
9539
9541
9544
9546
9548
9550
9557
9559
9562
9563
9568
9571
9572
9573
9575
9576
9577
9582
9586
9588
9598
9600
9602
9605
9612
9614
9618
9620
9629
9630
9636
9637
9641
9643
9648
9654
9657
9663
9668
9674
9676
9678
9680
9682
9688
9690
9691
9695
9697
9698
9700
9703
9705
9707
9710
9713
9715
9729
9735
9741
9749
9753
9754
9755
9759
9763
9765
9767
9770
9772
9774
9780
9785
9787
9789
9794
9796
9798
9801
9804
9808
9812
9814
9816
9818
9821
9822
9824
9828
9830
9832
9834
9838
9853
9855
9861
9867
9868
9874
9882
9886
9889
9894
9902
9903
9905
9909
9910
9912
9917
9919
9920
9925
9927
9929
9935
9936
9938
9943
9947
9951
9952
9959
9963
9964
9967
9972
9979
9981
9983
9988
9992
10000
10001
10006
10007
10009
10011
10013
10015
10016
10017
10020
10021
10025
10028
10029
10031
10033
10034
10037
10044
10048
10053
10057
10060
10062
10064
10070
10072
10074
10079
10081
10083
10085
10088
10092
10094
10100
10102
10104
10109
10113
10117
10123
10125
10128
10132
10134
10137
10138
10140
10146
10147
10158
10160
10164
10171
10173
10175
10178
10180
10182
10184
10185
10187
10189
10199
10201
10203
10206
10208
10209
10220
10223
10224
10227
10230
10235
10237
10242
10244
10246
10251
10254
10256
10260
10266
10279
10280
10288
10298
10300
10302
10304
10307
10312
10317
10322
10325
10331
10337
10345
10359
10363
10366
10369
10380
10382
10383
10386
10388
10390
10394
10397
10399
10401
10403
10405
10407
10409
10411
10414
10416
10418
10419
10422
10430
10432
10439
10440
10443
10448
10452
10455
10460
10462
10464
10466
10467
10469
10471
10478
10479
10481
10485
10491
10493
10494
10498
10500
10504
10506
10514
10518
10520
10521
10524
10526
10538
10539
10540
10542
10544
10546
10548
10550
10551
10552
10554
10559
10561
10563
10567
10571
10573
10576
10587
10589
10592
10594
10595
10601
10604
10605
10608
10610
10611
10615
10616
10617
10618
10626
10629
10633
10635
10640
10644
10646
10649
10653
10657
10665
10671
10673
10680
10682
10684
10686
10689
10693
10697
10699
10705
10707
10713
10721
10725
10731
10733
10739
10743
10748
10750
10758
10761
10762
10765
10767
10773
10784
10790
10791
10792
10794
10797
10799
10802
10804
10808
10812
10818
10820
10822
10824
10826
10827
10830
10832
10834
10838
10840
10852
10858
10864
10866
10870
10871
10874
10876
10886
10888
10889
10891
10895
10897
10901
10905
10908
10909
10910
10912
10913
10914
10916
10920
10922
10924
10928
10929
10930
10939
10941
10949
10958
10961
10962
10972
10980
10984
10988
10994
10996
10998
10999
11006
11007
11010
11014
11018
11020
11023
11025
11027
11029
11031
11036
11038
11042
11044
11048
11051
11053
11055
11057
11059
11061
11062
11064
11068
11076
11078
11079
11082
11084
11087
11095
11097
11100
11104
11111
11112
11114
11118
11119
11127
11129
11130
11131
11133
11134
11138
11139
11145
11149
11151
11155
11161
11164
11174
11178
11186
11188
11189
11191
11193
11204
11208
11212
11216
11224
11228
11230
11231
11232
11240
11242
11244
11256
11258
11260
11262
11264
11269
11273
11275
11277
11281
11283
11286
11287
11300
11301
11307
11310
11312
11314
11315
11321
11323
11325
11329
11331
11334
11336
11338
11343
11344
11350
11354
11357
11360
11361
11365
11366
11368
11370
11372
11373
11382
11384
11389
11390
11395
11398
11399
11401
11402
11405
11406
11409
11410
11411
11412
11416
11418
11420
11423
11425
11426
11429
11436
11442
11444
11447
11451
11453
11456
11463
11464
11465
11467
11469
11472
11476
11480
11482
11486
11490
11492
11496
11498
11502
11509
11516
11518
11522
11524
11525
11527
11531
11533
11536
11538
11539
11540
11541
11543
11546
11550
11555
11559
11565
11566
11571
11575
11583
11590
11596
11598
11600
11605
11610
11615
11616
11619
11621
11626
11627
11634
11635
11640
11644
11645
11646
11650
11652
11654
11660
11662
11666
11670
11672
11673
11674
11676
11678
11685
11689
11691
11692
11693
11694
11696
11698
11700
11703
11705
11706
11707
11714
11716
11718
11719
11720
11722
11731
11733
11737
11743
11750
11753
11757
11762
11766
11774
11779
11784
11786
11788
11793
11795
11798
11800
11806
11808
11809
11813
11816
11819
11821
11825
11827
11829
11831
11832
11838
11839
11842
11847
11851
11853
11854
11860
11864
11869
11873
11880
11885
11892
11897
11900
11908
11912
11914
11916
11922
11926
11927
11932
11933
11934
11936
11938
11939
11940
11944
11946
11951
11955
11957
11967
11978
11981
11986
11992
11993
11994
11995
11998
12002
12006
12008
12011
12013
12014
12015
12018
12019
12023
12025
12030
12032
12044
12046
12051
12054
12057
12060
12063
12064
12070
12073
12075
12077
12080
12085
12087
12092
12094
12097
12098
12102
12109
12113
12115
12116
12120
12121
12123
12126
12131
12135
12136
12142
12143
12148
12150
12152
12154
12156
12158
12161
12165
12166
12175
12179
12180
12185
12187
12189
12203
12204
12210
12214
12216
12220
12223
12226
12230
12231
12234
12236
12238
12239
12241
12246
12251
12252
12254
12267
12268
12272
12275
12283
12287
12290
12292
12296
12297
12298
12301
12304
12309
12311
12316
12320
12329
12336
12338
12343
12345
12346
12350
12352
12355
12358
12360
12362
12372
12374
12376
12379
12388
12392
12394
12396
12404
12406
12409
12410
12413
12417
12419
12425
12427
12431
12432
12436
12442
12444
12446
12448
12456
12459
12460
12465
12483
12485
12486
12490
12494
12499
12501
12503
12507
12512
12515
12519
12523
12530
12531
12538
12539
12544
12545
12548
12551
12552
12553
12560
12575
12578
12581
12582
12583
12585
12586
12589
12593
12597
12603
12607
12615
12617
12619
12621
12624
12626
12627
12630
12633
12636
12637
12639
12640
12641
12643
12647
12653
12654
12656
12658
12660
12662
12664
12668
12670
12674
12677
12685
12691
12697
12698
12707
12710
12712
12718
12719
12722
12727
12730
12742
12744
12746
12748
12751
12752
12755
12757
12759
12761
12763
12765
12770
12771
12772
12774
12775
12780
12784
12786
12793
12797
12801
12803
12806
12810
12817
12818
12820
12826
12832
12834
12838
12842
12847
12852
12856
12861
12865
12869
12873
12879
12881
12882
12887
12894
12898
12903
12904
12906
12908
12910
12912
12914
12916
12919
12922
12923
12924
12929
12934
12936
12941
12952
12954
12955
12962
12966
12968
12972
12976
12988
12990
12993
13001
13003
13007
13008
13010
13025
13026
13031
13034
13037
13039
13046
13050
13060
13065
13068
13075
13077
13079
13082
13084
13086
13089
13093
13098
13101
13105
13107
13111
13112
13113
13121
13123
13127
13134
13137
13138
13146
13150
13151
13152
13156
13158
13160
13162
13166
13168
13170
13172
13173
13176
13190
13192
13194
13199
13201
13207
13209
13211
13213
13225
13231
13235
13237
13246
13247
13249
13251
13253
13257
13261
13264
13266
13267
13271
13272
13274
13278
13280
13282
13287
13289
13290
13293
13295
13301
13302
13313
13315
13316
13318
13325
13327
13330
13334
13339
13341
13343
13345
13348
13353
13364
13366
13368
13370
13373
13375
13379
13381
13382
13384
13386
13388
13390
13396
13398
13400
13401
13402
13403
13405
13411
13413
13414
13416
13417
13421
13423
13426
13429
13432
13437
13438
13453
13461
13465
13474
13481
13486
13490
13494
13497
13498
13502
13504
13506
13511
13515
13517
13523
13529
13540
13542
13546
13548
13549
13550
13553
13556
13557
13561
13563
13568
13571
13575
13577
13578
13581
13583
13587
13597
13601
13605
13607
13608
13609
13612
13613
13615
13621
13633
13635
13636
13639
13640
13644
13648
13651
13653
13655
13657
13659
13666
13670
13672
13676
13678
13680
13683
13685
13687
13689
13696
13698
13703
13705
13709
13711
13712
13714
13720
13721
13723
13725
13727
13728
13731
13733
13736
13741
13742
13745
13746
13750
13752
13754
13756
13759
13760
13762
13763
13770
13771
13774
13777
13780
13781
13786
13793
13794
13795
13798
13806
13808
13810
13812
13814
13824
13827
13829
13833
13836
13837
13841
13844
13846
13847
13848
13850
13851
13853
13858
13859
13861
13863
13866
13867
13869
13871
13873
13874
13879
13880
13882
13884
13886
13893
13895
13897
13899
13901
13903
13905
13907
13908
13910
13915
13918
13922
13924
13925
13926
13929
13932
13935
13936
13939
13946
13949
13951
13959
13960
13961
13965
13966
13967
13969
13971
13975
13980
13983
13985
13988
13996
14000
14002
14004
14006
14008
14010
14012
14016
14022
14025
14026
14029
14033
14042
14045
14049
14053
14060
14064
14068
14070
14071
14072
14074
14075
14076
14079
14082
14084
14087
14092
14094
14096
14099
14102
14103
14107
14109
14111
14112
14116
14118
14120
14122
14124
14128
14136
14138
14143
14144
14146
14153
14157
14158
14164
14172
14174
14178
14180
14183
14185
14196
14198
14200
14202
14204
14208
14212
14216
14218
14227
14232
14234
14236
14239
14240
14244
14246
14251
14254
14258
14260
14262
14264
14269
14270
14273
14275
14277
14279
14281
14284
14286
14290
14299
14300
14310
14312
14314
14317
14319
14321
14325
14327
14329
14331
14332
14334
14337
14339
14340
14343
14345
14347
14349
14356
14358
14360
14364
14368
14370
14374
14375
14377
14388
14390
14392
14393
14396
14400
14404
14406
14407
14410
14412
14413
14417
14423
14425
14426
14429
14434
14435
14437
14443
14445
14448
14450
14454
14458
14460
14463
14464
14466
14469
14470
14471
14473
14475
14477
14479
14484
14486
14489
14494
14496
14513
14518
14520
14529
14530
14533
14535
14536
14537
14543
14545
14554
14557
14560
14567
14568
14586
14587
14588
14591
14594
14597
14599
14601
14607
14608
14610
14614
14619
14622
14623
14625
14629
14630
14631
14640
14643
14646
14648
14650
14652
14654
14655
14666
14668
14670
14671
14672
14674
14676
14680
14683
14687
14690
14695
14697
14700
14701
14703
14708
14710
14716
14720
14729
14733
14737
14739
14743
14749
14750
14756
14758
14765
14769
14773
14779
14781
14782
14786
14787
14789
14792
14794
14795
14803
14806
14807
14810
14812
14814
14815
14818
14820
14824
14826
14828
14836
14839
14840
14842
14844
14846
14852
14857
14858
14860
14869
14875
14876
14877
14879
14881
14885
14887
14889
14893
14896
14900
14902
14906
14907
14908
14911
14921
14923
14925
14927
14930
14931
14933
14935
14937
14939
14940
14941
14943
14951
14955
14957
14958
14964
14966
14968
14971
14975
14977
14981
14990
14991
14993
14995
14997
14998
15002
15005
15009
15011
15015
15035
15037
15039
15047
15049
15052
15053
15055
15061
15068
15076
15078
15082
15084
15085
15088
15090
15092
15094
15105
15107
15111
15120
15122
15123
15124
15130
15132
15133
15137
15139
15141
15144
15146
15150
15154
15155
15157
15160
15164
15168
15169
15173
15174
15176
15177
15180
15182
15185
15189
15193
15197
15199
15203
15207
15211
15213
15216
15223
15225
15227
15229
15231
15232
15234
15238
15239
15241
15243
15250
15252
15257
15260
15266
15268
15272
15278
15279
15283
15286
15288
15292
15294
15296
15298
15301
15305
15306
15307
15315
15317
15319
15323
15325
15326
15332
15334
15335
15336
15343
15349
15353
15354
15358
15362
15364
15365
15367
15376
15387
15388
15391
15392
15400
15407
15409
15416
15417
15420
15421
15428
15430
15432
15434
15436
15438
15440
15441
15444
15446
15449
15450
15457
15459
15461
15463
15465
15469
15473
15475
15480
15484
15487
15488
15490
15493
15503
15509
15516
15518
15520
15522
15524
15530
15533
15538
15540
15543
15545
15546
15548
15550
15554
15556
15558
15559
15564
15566
15569
15570
15572
15573
15574
15581
15586
15590
15594
15596
15607
15609
15612
15614
15616
15622
15624
15626
15630
15633
15635
15640
15642
15646
15650
15654
15657
15659
15660
15663
15668
15672
15683
15690
15699
15704
15710
15711
15715
15716
15717
15719
15721
15725
15728
15730
15734
15738
15741
15746
15750
15752
15757
15759
15763
15764
15771
15779
15781
15783
15787
15789
15791
15795
15797
15800
15801
15811
15813
15815
15819
15825
15829
15830
15840
15846
15848
15851
15852
15853
15855
15861
15863
15864
15866
15869
15878
15882
15886
15888
15892
15894
15898
15900
15902
15906
15912
15916
15933
15937
15941
15947
15950
15953
15955
15957
15958
15962
15966
15968
15969
15975
15976
15978
15979
15980
15984
15988
15990
15994
16000
16004
16006
16008
16010
16018
16020
16023
16024
16026
16027
16031
16033
16037
16039
16041
16047
16049
16051
16053
16055
16057
16059
16061
16063
16065
16071
16072
16074
16076
16082
16086
16088
16092
16093
16095
16112
16113
16118
16123
16125
16127
16129
16133
16136
16140
16143
16146
16148
16153
16156
16157
16159
16161
16165
16171
16173
16177
16178
16191
16193
16196
16199
16201
16202
16204
16208
16213
16217
16219
16226
16227
16229
16230
16234
16238
16239
16242
16245
16253
16254
16255
16256
16258
16260
16261
16262
16264
16266
16269
16271
16276
16284
16291
16293
16297
16301
16306
16310
16312
16317
16323
16327
16336
16337
16341
16355
16362
16366
16369
16371
16375
16379
16382
16385
16387
16389
16392
16394
16396
16400
16402
16407
16408
16412
16414
16416
16424
16430
16431
16433
16436
16437
16444
16445
16448
16451
16458
16460
16461
16462
16468
16472
16474
16475
16477
16487
16491
16493
16495
16504
16505
16507
16509
16511
16512
16513
16515
16520
16524
16527
16532
16536
16539
16550
16555
16558
16559
16567
16577
16581
16583
16587
16588
16590
16594
16605
16607
16611
16612
16613
16617
16621
16623
16627
16630
16632
16636
16641
16643
16646
16650
16658
16660
16661
16664
16673
16674
16675
16680
16682
16688
16690
16692
16700
16702
16703
16707
16716
16718
16719
16724
16725
16730
16732
16734
16736
16738
16740
16742
16744
16746
16747
16751
16753
16755
16764
16765
16770
16771
16772
16776
16783
16785
16787
16789
16792
16793
16796
16799
16805
16807
16811
16813
16814
16816
16821
16823
16824
16825
16841
16843
16845
16847
16849
16851
16857
16863
16866
16869
16878
16879
16881
16883
16890
16893
16895
16899
16901
16904
16907
16909
16911
16919
16921
16922
16924
16928
16929
16930
16932
16934
16935
16937
16939
16941
16943
16947
16948
16951
16953
16966
16967
16970
16973
16978
16979
16981
16985
16987
16990
16991
16995
16999
17001
17004
17008
17012
17017
17021
17023
17026
17029
17031
17033
17034
17036
17040
17043
17048
17053
17056
17058
17060
17066
17067
17072
17073
17075
17076
17079
17086
17089
17090
17099
17103
17107
17111
17115
17120
17124
17125
17126
17134
17135
17138
17141
17148
17153
17161
17163
17166
17169
17175
17177
17178
17179
17181
17183
17185
17186
17191
17194
17196
17198
17200
17201
17208
17214
17221
17227
17234
17235
17238
17242
17243
17246
17253
17255
17257
17263
17265
17267
17269
17271
17272
17273
17277
17279
17285
17292
17297
17301
17303
17307
17308
17315
17320
17321
17328
17333
17334
17338
17343
17346
17349
17350
17352
17355
17358
17360
17364
17366
17368
17370
17376
17377
17378
17381
17383
17385
17389
17396
17397
17398
17401
17403
17404
17405
17407
17409
17412
17415
17419
17423
17427
17428
17430
17437
17440
17446
17451
17456
17458
17460
17466
17470
17473
17476
17478
17482
17484
17487
17493
17494
17496
17498
17503
17507
17509
17510
17512
17513
17516
17524
17526
17527
17531
17534
17538
17539
17540
17543
17546
17550
17552
17559
17562
17563
17565
17569
17570
17574
17576
17580
17582
17584
17586
17588
17594
17597
17598
17600
17602
17605
17607
17608
17611
17614
17619
17621
17625
17627
17629
17631
17633
17635
17638
17641
17643
17645
17647
17649
17654
17656
17665
17672
17674
17676
17678
17682
17684
17685
17688
17690
17691
17692
17704
17712
17716
17720
17727
17731
17732
17733
17737
17743
17745
17748
17752
17754
17756
17761
17763
17767
17776
17778
17782
17785
17786
17788
17790
17796
17800
17803
17805
17809
17812
17813
17816
17818
17820
17826
17832
17836
17841
17848
17855
17856
17858
17862
17869
17873
17874
17876
17878
17884
17886
17887
17892
17896
17897
17898
17900
17901
17902
17905
17906
17908
17910
17912
17916
17918
17921
17923
17925
17927
17931
17933
17935
17937
17939
17942
17943
17950
17957
17958
17960
17963
17965
17969
17970
17985
17994
17998
17999
18004
18016
18018
18021
18023
18025
18026
18027
18031
18034
18036
18040
18041
18042
18045
18049
18054
18055
18057
18060
18063
18065
18067
18069
18071
18073
18079
18080
18083
18087
18090
18095
18097
18099
18101
18104
18106
18108
18111
18115
18116
18118
18121
18126
18131
18132
18133
18135
18142
18145
18147
18149
18156
18158
18161
18165
18169
18170
18173
18174
18190
18191
18193
18195
18197
18204
18208
18211
18216
18219
18222
18224
18232
18238
18245
18248
18249
18251
18253
18258
18260
18264
18268
18270
18274
18277
18278
18284
18288
18290
18296
18297
18299
18302
18307
18315
18317
18323
18326
18328
18332
18341
18345
18346
18350
18356
18360
18362
18368
18370
18372
18374
18378
18380
18382
18386
18390
18392
18394
18397
18401
18406
18407
18409
18410
18413
18418
18422
18423
18426
18427
18435
18436
18437
18442
18443
18446
18447
18449
18451
18455
18458
18460
18462
18464
18468
18470
18472
18474
18476
18497
18503
18509
18510
18512
18518
18522
18526
18528
18529
18533
18535
18537
18544
18551
18552
18555
18556
18558
18560
18562
18565
18566
18572
18575
18576
18582
18584
18592
18594
18597
18598
18600
18603
18606
18608
18610
18612
18614
18616
18617
18620
18622
18626
18628
18631
18633
18635
18639
18640
18641
18643
18646
18648
18651
18652
18659
18661
18662
18665
18669
18671
18673
18679
18681
18688
18692
18694
18698
18704
18705
18706
18713
18719
18721
18722
18725
18727
18729
18735
18736
18740
18741
18743
18745
18749
18750
18756
18760
18761
18764
18766
18770
18772
18773
18774
18779
18784
18790
18799
18801
18803
18805
18807
18813
18814
18818
18820
18825
18826
18828
18832
18836
18844
18846
18848
18852
18853
18855
18858
18859
18863
18868
18871
18873
18876
18878
18882
18888
18890
18892
18896
18898
18900
18902
18905
18909
18916
18918
18920
18924
18927
18930
18936
18938
18940
18942
18946
18957
18961
18963
18968
18974
18976
18980
18982
18984
18986
18988
18990
18992
18996
19001
19002
19004
19014
19017
19019
19021
19023
19027
19031
19033
19035
19037
19038
19039
19044
19046
19047
19048
19052
19056
19058
19060
19062
19064
19065
19067
19068
19069
19071
19073
19084
19086
19088
19095
19098
19099
19103
19107
19109
19117
19121
19125
19127
19129
19133
19137
19139
19140
19142
19144
19148
19150
19162
19166
19170
19178
19180
19195
19200
19202
19205
19207
19211
19212
19216
19219
19221
19225
19234
19237
19240
19242
19244
19246
19248
19250
19251
19259
19267
19268
19269
19271
19273
19277
19281
19283
19285
19286
19287
19289
19291
19293
19297
19305
19307
19313
19317
19324
19326
19328
19332
19336
19338
19347
19349
19351
19352
19355
19361
19364
19365
19370
19373
19379
19381
19383
19388
19390
19391
19394
19396
19401
19409
19411
19415
19418
19422
19423
19424
19425
19427
19428
19429
19431
19434
19438
19441
19443
19445
19448
19449
19452
19457
19458
19460
19462
19463
19467
19468
19469
19470
19471
19473
19475
19476
19477
19478
19480
19481
19482
19483
19486
19487
19489
19491
19493
19497
19498
19499
19500
19501
19502
19503
19504
19505
19508
19509
19510
19512
19513
19514
19517
19518
19519
19520
19521
19522
19524
19525
19526
19528
19530
19531
19532
19533
19534
19535
19538
19539
19540
19542
19543
19544
19545
19548
19549
19550
19553
19554
19559
19561
19564
19565
19566
19568
19569
19570
19571
19573
19576
19579
19580
19581
19583
19584
19585
19587
19588
19589
19592
19593
19595
19598
19599
19600
19601
19602
19604
19605
19606
19607
19608
19610
19611
19612
19616
19617
19618
19620
19622
19623
19624
19628
19630
19632
19635
19637
19638
19641
19642
19646
19647
19648
19649
19650
19652
19653
19655
19656
19657
19658
19660
19661
19663
19664
19665
19666
19667
19668
19672
19674
19676
19678
19679
19680
19681
19683
19684
19685
19686
19688
19689
19691
19692
19693
19694
19698
19700
19701
19703
19704
19705
19706
19707
19708
19709
19712
19713
19715
19717
19718
19719
19721
19723
19724
19725
19726
19727
19728
19730
19731
19732
19733
19734
19738
19740
19741
19742
19743
19745
19747
19748
19749
19751
19752
19754
19756
19757
19758
19760
19761
19765
19767
19768
19771
19773
19774
19775
19777
19778
19782
19784
19785
19787
19788
19790
19793
19795
19796
19797
19799
19800
19801
19802
19804
19806
19807
19811
19813
19814
19815
19817
19818
19819
19820
19821
19822
19823
19825
19826
19832
19833
19834
19836
19837
19838
19840
19841
19843
19844
19845
19846
19849
19852
19853
19854
19855
19856
19857
19858
19859
19860
19862
19865
19866
19869
19870
19871
19872
19873
19874
19875
19876
19877
19878
19880
19881
19882
19884
19887
19888
19890
19892
19894
19895
19896
19897
19898
19899
19900
19906
19908
19909
19910
19912
19913
19914
19915
19916
19918
19919
19920
19922
19923
19925
19926
19927
19929
19930
19931
19940
19941
19945
19946
19947
19949
19951
19953
19954
19957
19958
19961
19962
19963
19964
19965
19968
19969
19970
19974
19975
19976
19977
19978
19979
19980
19982
19984
19985
19987
19989
19990
19991
19992
19993
19994
19998
