13627
5
9
11
22
41
42
45
60
63
80
82
88
90
101
106
107
116
122
130
143
159
161
163
166
167
169
175
177
187
191
219
224
227
231
234
252
254
277
281
288
292
308
322
324
328
339
341
346
353
359
361
377
379
383
387
390
400
402
412
420
430
434
439
441
449
458
462
480
482
484
492
498
527
533
535
548
560
576
579
581
583
590
593
595
596
597
599
603
605
609
610
617
619
620
625
646
647
654
660
675
681
685
688
698
711
727
734
765
771
772
783
796
800
801
807
822
839
843
845
861
864
866
870
882
884
885
888
891
899
907
923
927
935
959
970
971
974
994
1000
1001
1013
1016
1021
1043
1058
1060
1067
1071
1072
1085
1090
1092
1094
1096
1109
1127
1134
1137
1146
1147
1154
1159
1171
1177
1185
1187
1189
1193
1202
1206
1209
1216
1227
1240
1245
1250
1252
1261
1264
1266
1277
1282
1300
1304
1306
1311
1320
1331
1349
1372
1395
1397
1416
1417
1424
1428
1440
1448
1449
1454
1459
1463
1465
1469
1473
1476
1478
1479
1481
1487
1501
1507
1512
1519
1521
1527
1537
1540
1552
1565
1567
1585
1590
1625
1631
1638
1641
1642
1648
1649
1650
1655
1657
1663
1671
1676
1689
1691
1692
1695
1720
1721
1727
1729
1741
1744
1746
1778
1788
1800
1805
1807
1811
1816
1817
1823
1837
1839
1856
1861
1873
1879
1899
1910
1916
1926
1929
1943
1945
1951
1953
1955
1961
1963
1970
1973
1975
1987
2015
2017
2019
2025
2033
2042
2047
2049
2061
2065
2070
2080
2102
2111
2118
2120
2125
2130
2137
2145
2149
2151
2153
2163
2173
2201
2209
2211
2231
2245
2251
2258
2259
2282
2284
2298
2307
2309
2320
2328
2333
2350
2355
2373
2378
2383
2384
2389
2403
2405
2410
2414
2419
2428
2431
2438
2442
2444
2450
2453
2454
2455
2458
2459
2464
2470
2479
2480
2486
2492
2501
2508
2510
2518
2529
2535
2541
2545
2549
2559
2570
2572
2578
2586
2588
2609
2611
2622
2633
2637
2639
2643
2647
2653
2656
2662
2667
2691
2692
2695
2697
2706
2709
2710
2711
2713
2721
2732
2736
2738
2751
2759
2763
2767
2774
2786
2788
2797
2802
2804
2807
2816
2825
2827
2828
2840
2860
2864
2866
2868
2871
2875
2876
2879
2884
2888
2893
2917
2925
2934
2937
2951
2961
2963
2968
2979
2981
2988
2995
3017
3019
3029
3031
3034
3035
3036
3042
3044
3053
3057
3058
3060
3081
3082
3084
3092
3100
3103
3117
3120
3123
3125
3126
3128
3139
3151
3170
3174
3187
3193
3198
3217
3219
3226
3231
3234
3236
3238
3255
3257
3287
3295
3311
3328
3353
3359
3377
3403
3424
3428
3433
3438
3444
3452
3460
3468
3475
3507
3511
3519
3530
3554
3563
3570
3572
3579
3581
3584
3596
3598
3606
3608
3612
3631
3635
3643
3647
3655
3659
3663
3667
3688
3690
3699
3704
3705
3717
3719
3736
3744
3761
3763
3765
3788
3790
3793
3799
3805
3812
3822
3826
3840
3847
3849
3853
3856
3869
3870
3873
3880
3889
3898
3903
3912
3917
3936
3940
3944
3953
3960
3975
3982
3987
4007
4012
4015
4017
4026
4032
4034
4037
4038
4039
4042
4047
4056
4063
4080
4083
4085
4087
4089
4091
4093
4113
4115
4118
4126
4128
4130
4141
4149
4157
4167
4170
4172
4178
4192
4204
4215
4221
4230
4236
4245
4260
4266
4299
4300
4301
4304
4327
4329
4333
4336
4343
4348
4352
4361
4365
4390
4392
4395
4402
4404
4414
4425
4429
4432
4434
4436
4462
4473
4479
4487
4491
4496
4513
4518
4520
4525
4533
4537
4541
4548
4552
4555
4563
4566
4572
4575
4576
4582
4585
4588
4594
4606
4623
4627
4630
4660
4670
4673
4677
4684
4685
4704
4721
4744
4753
4759
4768
4779
4787
4789
4791
4798
4808
4813
4821
4825
4830
4835
4839
4845
4856
4859
4860
4862
4868
4879
4883
4911
4914
4916
4930
4943
4955
4962
4965
4973
4979
4998
5005
5014
5016
5018
5026
5029
5031
5034
5043
5046
5056
5080
5083
5099
5118
5126
5134
5166
5171
5172
5175
5176
5180
5186
5200
5204
5207
5211
5216
5223
5227
5235
5249
5251
5254
5255
5273
5277
5288
5293
5300
5325
5332
5335
5338
5340
5345
5352
5353
5355
5357
5362
5373
5379
5384
5396
5408
5409
5412
5416
5428
5432
5447
5449
5458
5462
5475
5477
5491
5505
5508
5513
5528
5557
5565
5571
5578
5585
5589
5594
5596
5609
5636
5644
5645
5648
5650
5656
5662
5663
5670
5672
5673
5676
5680
5689
5692
5693
5699
5702
5704
5707
5714
5728
5730
5754
5757
5759
5763
5765
5771
5772
5774
5779
5785
5792
5793
5798
5800
5801
5803
5808
5810
5820
5826
5830
5841
5844
5869
5874
5882
5890
5896
5897
5902
5911
5920
5939
5957
5968
5972
5979
5980
5983
5987
6004
6022
6029
6035
6045
6046
6058
6061
6063
6069
6081
6085
6089
6093
6095
6099
6104
6114
6140
6148
6166
6175
6190
6195
6198
6208
6213
6214
6219
6226
6245
6246
6254
6255
6259
6264
6266
6268
6274
6284
6290
6309
6315
6322
6334
6339
6345
6352
6367
6374
6384
6386
6398
6412
6414
6418
6423
6434
6435
6436
6438
6441
6455
6474
6481
6483
6484
6490
6492
6507
6514
6527
6529
6533
6535
6540
6544
6546
6548
6550
6557
6567
6576
6582
6591
6617
6620
6622
6626
6629
6634
6639
6648
6650
6654
6663
6675
6698
6701
6703
6705
6710
6711
6717
6740
6743
6748
6757
6758
6762
6764
6770
6781
6803
6811
6821
6851
6867
6869
6873
6875
6884
6902
6905
6944
6947
6957
6965
6973
6986
6988
6994
6997
7001
7005
7007
7018
7032
7067
7072
7084
7087
7097
7099
7118
7134
7144
7159
7175
7176
7180
7186
7194
7208
7211
7212
7216
7241
7244
7254
7260
7272
7275
7287
7289
7316
7319
7328
7330
7337
7341
7348
7356
7380
7404
7405
7412
7414
7416
7420
7422
7428
7441
7442
7451
7453
7460
7474
7477
7480
7486
7490
7507
7512
7513
7518
7520
7533
7546
7550
7555
7561
7582
7587
7588
7589
7614
7622
7634
7636
7660
7664
7678
7682
7692
7697
7713
7721
7725
7728
7759
7763
7764
7782
7785
7806
7808
7816
7820
7824
7840
7843
7844
7845
7846
7849
7852
7862
7863
7872
7875
7890
7891
7894
7897
7898
7906
7914
7926
7947
7951
7955
7965
7970
7976
7982
7984
7987
7989
7993
8012
8014
8030
8034
8036
8040
8042
8053
8068
8077
8078
8094
8111
8113
8114
8120
8124
8125
8128
8152
8154
8157
8163
8166
8178
8184
8186
8193
8198
8208
8220
8242
8245
8246
8250
8260
8267
8272
8276
8290
8293
8295
8306
8310
8316
8318
8320
8324
8329
8336
8343
8370
8375
8380
8382
8389
8396
8397
8401
8409
8415
8419
8421
8434
8443
8452
8454
8457
8463
8468
8475
8493
8500
8507
8516
8536
8541
8549
8554
8559
8570
8575
8581
8586
8589
8593
8598
8620
8622
8624
8626
8635
8637
8646
8648
8651
8654
8658
8660
8666
8668
8688
8690
8693
8695
8705
8713
8726
8729
8731
8734
8739
8749
8759
8769
8773
8782
8784
8794
8795
8799
8801
8803
8826
8835
8839
8848
8852
8856
8867
8873
8879
8887
8888
8892
8895
8897
8909
8916
8923
8926
8937
8942
8944
8959
8962
8963
8988
8993
9008
9015
9025
9028
9039
9050
9071
9075
9078
9082
9092
9094
9096
9117
9123
9133
9143
9151
9167
9186
9192
9196
9205
9211
9230
9236
9240
9248
9254
9258
9260
9262
9269
9273
9279
9283
9297
9305
9307
9319
9328
9338
9345
9353
9357
9372
9380
9387
9402
9406
9423
9424
9430
9432
9440
9441
9443
9447
9454
9457
9459
9464
9466
9470
9472
9475
9481
9494
9535
9553
9555
9561
9580
9584
9593
9616
9622
9623
9624
9627
9632
9635
9647
9650
9659
9661
9662
9664
9671
9683
9685
9693
9694
9717
9719
9722
9723
9727
9733
9739
9745
9747
9750
9751
9760
9761
9769
9778
9782
9786
9792
9800
9802
9820
9826
9840
9848
9850
9851
9854
9863
9865
9870
9878
9888
9890
9892
9893
9900
9908
9915
9921
9945
9955
9957
9965
9968
9976
9986
9990
9996
10004
10019
10035
10039
10041
10051
10055
10059
10066
10068
10078
10090
10096
10111
10114
10115
10121
10126
10141
10145
10152
10156
10161
10166
10169
10194
10197
10211
10214
10218
10221
10225
10231
10250
10272
10274
10275
10277
10282
10286
10292
10296
10309
10319
10327
10329
10335
10339
10346
10348
10350
10351
10356
10360
10362
10364
10374
10376
10378
10384
10392
10395
10426
10428
10433
10457
10473
10475
10483
10484
10488
10496
10501
10508
10510
10528
10531
10533
10535
10537
10578
10580
10598
10603
10625
10628
10638
10642
10645
10658
10669
10678
10681
10696
10701
10711
10717
10719
10722
10727
10737
10741
10745
10746
10747
10755
10769
10771
10777
10779
10781
10788
10810
10813
10816
10837
10847
10856
10857
10862
10873
10878
10882
10893
10899
10919
10934
10943
10946
10950
10952
10955
10959
10963
10965
10967
10970
10974
10975
10976
10982
10985
10987
10992
11002
11008
11016
11033
11035
11037
11041
11066
11071
11074
11081
11086
11088
11091
11108
11116
11121
11136
11144
11157
11158
11166
11176
11180
11182
11183
11194
11196
11198
11200
11210
11213
11220
11234
11236
11238
11248
11249
11252
11271
11285
11289
11294
11303
11306
11318
11327
11353
11364
11378
11380
11381
11386
11387
11392
11397
11422
11431
11433
11440
11458
11462
11474
11478
11489
11505
11507
11514
11520
11529
11535
11549
11554
11558
11561
11569
11573
11579
11581
11588
11591
11637
11648
11658
11669
11680
11681
11688
11697
11712
11726
11730
11739
11741
11744
11747
11752
11761
11763
11768
11776
11781
11790
11802
11807
11811
11817
11823
11837
11845
11849
11858
11866
11877
11878
11881
11890
11895
11904
11907
11918
11920
11928
11948
11949
11961
11965
11972
11985
11990
11999
12005
12010
12016
12028
12040
12050
12066
12076
12083
12096
12100
12106
12118
12124
12133
12138
12147
12149
12163
12173
12183
12184
12197
12199
12209
12212
12224
12228
12243
12244
12249
12255
12256
12260
12261
12265
12279
12285
12300
12305
12307
12322
12324
12333
12368
12383
12386
12400
12402
12418
12424
12440
12450
12452
12455
12463
12466
12470
12473
12476
12478
12481
12495
12511
12524
12527
12533
12536
12540
12565
12569
12573
12576
12579
12591
12599
12601
12605
12609
12611
12613
12651
12666
12672
12679
12682
12683
12687
12690
12701
12714
12720
12725
12731
12735
12753
12778
12782
12788
12795
12811
12816
12821
12823
12840
12841
12844
12850
12871
12885
12890
12892
12896
12927
12931
12933
12940
12942
12946
12948
12956
12958
12960
12964
12974
12984
12991
12997
12998
12999
13013
13014
13018
13020
13023
13036
13040
13044
13052
13058
13063
13067
13070
13072
13074
13081
13099
13103
13115
13129
13142
13154
13164
13167
13175
13178
13183
13186
13187
13203
13208
13214
13215
13217
13228
13232
13244
13255
13262
13268
13284
13288
13305
13307
13310
13321
13323
13355
13357
13362
13393
13407
13419
13435
13440
13442
13445
13448
13454
13463
13467
13472
13477
13479
13487
13492
13521
13527
13531
13535
13537
13539
13551
13565
13573
13582
13585
13589
13593
13598
13618
13629
13631
13637
13641
13649
13664
13674
13692
13695
13699
13701
13719
13734
13744
13769
13772
13784
13788
13791
13796
13800
13817
13819
13821
13830
13838
13857
13865
13877
13889
13904
13911
13914
13917
13920
13937
13941
13942
13944
13947
13954
13958
13977
13986
13990
13995
13997
13998
14005
14018
14020
14023
14035
14039
14041
14048
14051
14058
14062
14066
14078
14090
14091
14097
14105
14115
14130
14133
14134
14161
14162
14166
14167
14169
14176
14182
14187
14190
14191
14192
14214
14220
14223
14235
14242
14248
14257
14266
14292
14296
14303
14305
14323
14352
14355
14361
14362
14376
14379
14386
14394
14398
14402
14415
14416
14431
14439
14452
14453
14455
14480
14481
14507
14511
14523
14527
14539
14542
14547
14551
14563
14569
14573
14576
14577
14583
14585
14605
14620
14636
14642
14644
14656
14658
14660
14662
14664
14691
14699
14707
14714
14715
14721
14727
14728
14731
14736
14741
14745
14748
14757
14763
14771
14775
14777
14783
14800
14801
14822
14830
14834
14838
14848
14865
14867
14873
14883
14884
14898
14904
14915
14917
14947
14953
14962
14980
14985
14987
15000
15001
15017
15020
15026
15027
15031
15043
15044
15056
15063
15065
15067
15087
15100
15103
15109
15113
15116
15126
15128
15135
15148
15152
15153
15166
15183
15188
15195
15214
15219
15226
15246
15247
15248
15258
15264
15271
15274
15290
15303
15308
15313
15327
15330
15345
15357
15363
15370
15372
15374
15380
15385
15396
15398
15403
15405
15411
15413
15415
15419
15423
15429
15435
15452
15455
15467
15471
15492
15497
15501
15505
15511
15517
15534
15552
15555
15562
15568
15578
15583
15585
15588
15599
15604
15610
15631
15638
15644
15649
15666
15669
15670
15676
15678
15681
15685
15686
15696
15697
15701
15706
15713
15723
15739
15747
15753
15755
15767
15773
15775
15777
15785
15793
15799
15803
15805
15809
15820
15821
15828
15836
15838
15843
15856
15858
15860
15874
15876
15877
15883
15904
15907
15908
15910
15918
15922
15925
15927
15929
15932
15934
15936
15939
15943
15944
15959
15963
15970
15972
15973
15986
16011
16013
16029
16045
16070
16080
16090
16100
16102
16104
16109
16111
16115
16117
16120
16138
16155
16168
16172
16181
16184
16188
16195
16206
16209
16210
16212
16223
16225
16232
16248
16274
16278
16280
16286
16289
16294
16304
16308
16319
16325
16329
16332
16335
16351
16354
16357
16359
16364
16368
16370
16398
16399
16404
16405
16411
16418
16420
16422
16427
16429
16440
16443
16449
16457
16464
16465
16466
16479
16481
16483
16488
16500
16516
16519
16522
16525
16534
16538
16546
16549
16552
16560
16564
16573
16575
16579
16592
16598
16600
16602
16615
16619
16628
16649
16651
16653
16657
16663
16670
16678
16689
16695
16712
16726
16728
16758
16760
16761
16766
16768
16778
16782
16797
16801
16819
16827
16831
16833
16838
16855
16867
16873
16875
16885
16887
16889
16891
16897
16903
16949
16960
16962
16965
16977
16986
16993
16996
16997
17006
17011
17014
17015
17019
17042
17044
17046
17050
17054
17064
17065
17077
17081
17083
17096
17097
17110
17117
17119
17128
17129
17136
17140
17142
17146
17155
17157
17171
17173
17188
17192
17212
17225
17230
17231
17232
17236
17240
17244
17249
17251
17261
17262
17276
17281
17283
17287
17290
17302
17305
17311
17314
17325
17330
17332
17336
17341
17356
17361
17365
17374
17391
17417
17421
17429
17434
17436
17439
17442
17444
17449
17452
17459
17462
17463
17465
17468
17472
17474
17477
17488
17490
17492
17500
17521
17522
17533
17536
17547
17554
17566
17568
17572
17573
17592
17609
17623
17637
17639
17653
17658
17662
17666
17680
17694
17697
17699
17708
17710
17724
17728
17740
17746
17750
17759
17773
17784
17795
17802
17814
17817
17822
17824
17830
17838
17840
17846
17852
17891
17894
17914
17929
17948
17952
17956
17968
17974
17976
17980
17982
17984
17987
17988
17992
17995
18002
18006
18012
18033
18047
18075
18084
18093
18102
18120
18124
18130
18139
18141
18167
18177
18181
18186
18189
18199
18203
18207
18210
18214
18218
18228
18256
18262
18271
18272
18275
18280
18294
18303
18305
18311
18319
18321
18329
18330
18336
18338
18348
18354
18358
18363
18364
18373
18396
18399
18404
18416
18430
18432
18465
18483
18490
18494
18505
18506
18514
18541
18542
18545
18569
18586
18590
18593
18618
18629
18637
18654
18657
18680
18685
18690
18696
18700
18702
18710
18715
18726
18734
18737
18752
18758
18762
18780
18786
18789
18791
18795
18806
18809
18816
18822
18824
18835
18838
18840
18842
18860
18867
18910
18915
18945
18950
18952
18953
18967
18971
18972
18993
19000
19008
19010
19012
19022
19029
19040
19057
19077
19078
19085
19090
19101
19105
19115
19123
19138
19152
19154
19164
19175
19182
19186
19188
19192
19197
19213
19224
19252
19254
19256
19261
19263
19265
19275
19279
19301
19311
19319
19321
19330
19334
19340
19343
19344
19345
19353
19356
19357
19359
19363
19369
19371
19375
19405
19414
19417
19419
19420
19426
19430
19433
19435
19436
19437
19439
19440
19442
19447
19450
19451
19453
19454
19456
19459
19474
19479
19485
19488
19490
19492
19494
19495
19496
19506
19511
19516
19523
19527
19536
19537
19541
19546
19547
19555
19556
19557
19558
19562
19563
19567
19572
19574
19575
19577
19578
19582
19586
19590
19594
19596
19597
19603
19609
19614
19621
19625
19627
19629
19631
19633
19640
19643
19644
19645
19651
19654
19659
19662
19669
19670
19673
19675
19677
19682
19687
19690
19695
19696
19699
19702
19710
19711
19714
19716
19720
19722
19729
19735
19736
19737
19739
19744
19746
19750
19753
19755
19759
19762
19763
19764
19766
19772
19776
19779
19780
19781
19789
19791
19794
19798
19808
19809
19810
19816
19824
19827
19830
19835
19842
19847
19848
19850
19851
19864
19867
19879
19885
19886
19889
19891
19893
19902
19903
19904
19905
19907
19911
19924
19928
19932
19935
19937
19938
19943
19944
19950
19952
19955
19956
19959
19966
19967
19971
19972
19973
19981
19995
19997
19999
