7259
0
1
2
3
7
8
10
12
13
15
17
18
19
21
24
26
27
28
29
30
31
32
34
35
36
37
38
39
40
43
44
46
47
49
54
55
58
59
61
64
65
66
68
69
70
72
73
74
76
77
78
81
83
85
86
87
89
91
92
93
94
95
96
97
98
99
100
105
108
109
110
114
115
119
123
124
125
126
129
131
132
134
136
137
138
139
140
141
142
145
146
147
148
149
150
152
153
154
155
157
164
168
171
173
178
182
183
184
185
186
188
189
192
194
195
196
198
199
200
203
205
207
208
209
213
214
215
217
218
220
221
223
225
232
233
235
237
238
239
240
241
242
243
244
245
247
248
250
251
253
255
256
257
260
262
263
265
266
267
268
269
270
271
273
274
276
279
280
283
284
285
286
287
289
291
295
296
297
298
300
302
303
304
305
309
310
311
312
313
314
315
316
317
318
319
320
321
325
329
330
331
332
333
334
336
337
340
342
343
344
345
347
349
350
355
356
358
364
365
366
367
368
369
370
371
372
373
375
376
378
381
382
384
385
386
388
389
392
393
395
396
397
398
399
401
403
405
406
408
409
410
414
415
416
418
419
421
422
423
425
426
431
432
433
435
442
444
445
446
447
448
451
452
453
455
456
457
459
460
463
464
465
466
467
468
470
472
473
475
476
477
479
485
486
487
488
490
491
493
494
495
496
497
499
500
501
503
504
506
507
508
509
511
514
515
516
517
518
519
521
522
523
524
525
526
528
531
532
534
536
538
540
541
542
544
545
546
549
550
552
554
556
557
558
563
565
566
567
568
569
570
571
572
575
577
578
580
582
584
587
588
589
592
598
601
602
608
611
613
615
616
621
622
626
627
628
629
630
632
633
637
638
639
640
641
642
645
648
651
652
653
656
657
658
661
664
665
667
669
670
671
672
673
674
676
677
678
679
680
683
684
686
691
692
694
695
697
700
701
702
704
706
707
710
712
713
714
715
716
717
721
722
723
724
729
730
731
732
733
735
736
737
738
739
741
742
743
744
748
749
750
751
752
753
754
756
757
758
759
760
761
762
763
766
768
769
770
773
774
775
776
777
778
779
780
781
782
784
785
788
789
790
791
792
793
794
795
797
798
802
803
804
805
806
809
810
811
813
814
816
818
819
820
821
823
824
827
829
830
832
833
834
835
836
837
838
840
841
844
846
847
848
850
851
852
854
856
857
859
860
865
867
868
871
872
874
876
878
879
880
881
883
892
893
895
896
898
900
901
904
908
909
911
912
914
915
916
917
918
919
920
921
922
924
925
928
930
931
932
933
936
937
939
940
941
942
944
945
946
948
949
950
952
955
957
958
960
961
962
963
964
965
968
969
972
973
976
977
978
979
980
982
984
985
986
988
989
990
991
992
993
995
996
997
998
999
1002
1003
1004
1005
1008
1009
1010
1012
1015
1018
1019
1020
1023
1024
1026
1027
1028
1029
1030
1032
1034
1035
1036
1037
1039
1040
1041
1042
1044
1047
1048
1049
1050
1051
1052
1053
1056
1057
1062
1063
1066
1068
1069
1073
1075
1076
1077
1078
1079
1086
1087
1091
1093
1095
1098
1099
1101
1102
1103
1104
1105
1106
1107
1111
1114
1115
1116
1117
1118
1119
1120
1121
1124
1125
1128
1129
1130
1131
1135
1136
1138
1139
1141
1142
1143
1145
1149
1150
1151
1152
1153
1155
1158
1160
1162
1164
1167
1168
1169
1173
1174
1176
1179
1180
1181
1183
1184
1186
1188
1190
1191
1192
1195
1197
1198
1200
1201
1204
1205
1207
1208
1212
1213
1215
1217
1218
1219
1222
1224
1225
1226
1229
1230
1231
1232
1233
1235
1237
1238
1239
1242
1243
1244
1248
1249
1251
1253
1254
1256
1258
1259
1260
1263
1268
1269
1270
1272
1273
1275
1276
1279
1283
1284
1287
1288
1289
1290
1291
1292
1293
1294
1296
1297
1298
1302
1305
1307
1308
1310
1313
1314
1316
1317
1319
1321
1323
1324
1325
1327
1328
1330
1333
1334
1335
1336
1339
1340
1342
1343
1344
1345
1346
1347
1348
1353
1355
1356
1357
1358
1359
1360
1361
1362
1365
1366
1367
1368
1369
1375
1376
1377
1378
1379
1380
1381
1382
1383
1384
1385
1387
1388
1389
1390
1391
1392
1394
1396
1398
1399
1401
1403
1404
1405
1406
1408
1409
1410
1412
1415
1418
1421
1426
1427
1430
1431
1433
1434
1436
1439
1441
1443
1445
1446
1447
1450
1452
1453
1455
1456
1460
1461
1468
1471
1474
1475
1477
1480
1482
1483
1484
1485
1486
1488
1489
1490
1492
1494
1495
1496
1497
1498
1499
1503
1504
1505
1508
1509
1510
1511
1514
1515
1517
1518
1520
1522
1523
1524
1525
1528
1529
1531
1533
1534
1536
1538
1539
1541
1542
1544
1545
1546
1548
1549
1551
1553
1554
1555
1556
1557
1559
1560
1561
1563
1564
1568
1571
1572
1573
1574
1576
1578
1579
1580
1582
1584
1586
1587
1588
1589
1591
1595
1596
1597
1598
1599
1600
1601
1602
1603
1604
1605
1607
1608
1612
1614
1615
1616
1617
1618
1621
1622
1623
1624
1627
1629
1630
1632
1633
1634
1635
1639
1640
1643
1644
1645
1646
1651
1652
1661
1662
1664
1666
1667
1668
1670
1672
1673
1674
1675
1677
1678
1680
1684
1685
1686
1687
1688
1693
1694
1697
1698
1699
1700
1701
1703
1704
1707
1708
1709
1713
1714
1715
1717
1722
1723
1724
1731
1732
1733
1734
1735
1736
1737
1738
1739
1740
1742
1749
1750
1751
1753
1754
1755
1757
1758
1759
1764
1765
1766
1768
1769
1770
1773
1774
1775
1776
1777
1779
1781
1782
1783
1786
1787
1789
1790
1791
1793
1794
1796
1797
1799
1801
1802
1803
1804
1808
1809
1810
1813
1814
1815
1818
1819
1820
1821
1825
1826
1827
1828
1829
1830
1831
1832
1835
1838
1840
1841
1843
1847
1848
1849
1851
1853
1854
1855
1857
1858
1859
1860
1862
1863
1864
1865
1867
1868
1869
1871
1872
1875
1876
1877
1878
1880
1881
1882
1883
1884
1885
1886
1887
1888
1889
1891
1893
1895
1896
1897
1898
1900
1901
1902
1903
1905
1907
1909
1911
1912
1914
1915
1917
1918
1919
1920
1921
1924
1925
1927
1928
1931
1932
1936
1937
1938
1940
1941
1942
1944
1946
1947
1949
1950
1952
1954
1956
1957
1960
1962
1964
1965
1966
1967
1968
1976
1977
1978
1981
1983
1984
1985
1988
1989
1990
1991
1994
1995
1997
1998
2000
2001
2002
2003
2004
2005
2006
2007
2008
2010
2012
2013
2014
2018
2021
2022
2027
2028
2030
2032
2035
2037
2038
2039
2040
2041
2043
2045
2048
2050
2051
2053
2054
2056
2057
2059
2060
2062
2063
2066
2067
2068
2071
2072
2073
2074
2075
2076
2077
2079
2081
2082
2085
2087
2088
2089
2091
2092
2093
2097
2098
2101
2104
2105
2106
2107
2109
2110
2112
2115
2117
2119
2121
2124
2127
2131
2132
2134
2136
2140
2141
2143
2144
2146
2147
2150
2154
2155
2158
2159
2160
2162
2165
2167
2169
2172
2174
2175
2176
2178
2179
2181
2182
2183
2184
2185
2186
2190
2191
2192
2193
2194
2195
2197
2198
2200
2202
2203
2204
2205
2206
2210
2212
2213
2214
2216
2217
2218
2219
2220
2221
2222
2223
2224
2225
2229
2230
2233
2234
2237
2239
2240
2241
2242
2243
2244
2246
2247
2249
2250
2252
2253
2254
2255
2257
2261
2262
2264
2265
2268
2269
2271
2272
2273
2274
2275
2276
2278
2279
2280
2281
2283
2285
2286
2287
2288
2289
2290
2291
2293
2295
2296
2297
2299
2301
2302
2306
2311
2312
2313
2315
2317
2318
2319
2322
2323
2324
2326
2327
2329
2330
2331
2334
2335
2336
2337
2338
2339
2341
2342
2343
2344
2345
2346
2347
2348
2349
2352
2357
2359
2360
2362
2363
2364
2365
2367
2369
2370
2371
2372
2374
2375
2376
2379
2381
2385
2386
2387
2388
2391
2392
2393
2395
2396
2397
2398
2399
2401
2402
2406
2408
2411
2412
2413
2415
2417
2418
2420
2421
2422
2424
2425
2429
2430
2432
2433
2436
2437
2439
2440
2446
2448
2449
2457
2463
2465
2468
2469
2474
2475
2476
2478
2482
2483
2485
2488
2490
2493
2494
2495
2497
2498
2499
2500
2502
2503
2504
2506
2507
2509
2511
2512
2515
2516
2519
2520
2521
2522
2523
2524
2525
2527
2528
2530
2533
2536
2538
2542
2544
2547
2550
2551
2554
2555
2556
2557
2558
2560
2561
2563
2564
2565
2566
2573
2574
2575
2577
2579
2580
2581
2582
2583
2584
2590
2592
2593
2594
2595
2596
2597
2601
2602
2604
2605
2606
2607
2610
2612
2613
2614
2615
2616
2617
2618
2619
2620
2624
2626
2627
2628
2635
2636
2638
2640
2641
2642
2645
2648
2649
2650
2651
2652
2654
2655
2657
2658
2659
2660
2664
2665
2666
2669
2670
2671
2674
2675
2676
2677
2678
2680
2681
2682
2683
2686
2687
2690
2693
2698
2699
2700
2701
2704
2707
2714
2715
2717
2718
2719
2727
2728
2730
2731
2733
2734
2735
2737
2740
2745
2746
2747
2749
2750
2752
2754
2755
2757
2760
2761
2765
2766
2768
2769
2770
2772
2773
2775
2776
2780
2781
2784
2785
2790
2792
2794
2795
2796
2798
2799
2806
2808
2809
2810
2811
2812
2813
2814
2815
2817
2818
2819
2820
2821
2822
2824
2826
2829
2834
2835
2836
2837
2838
2842
2843
2844
2845
2846
2847
2849
2850
2854
2855
2856
2858
2859
2861
2862
2865
2867
2869
2870
2874
2877
2881
2882
2883
2885
2886
2887
2890
2892
2894
2895
2896
2897
2898
2899
2900
2902
2903
2904
2906
2907
2908
2909
2910
2911
2912
2913
2919
2920
2921
2924
2926
2927
2928
2931
2932
2933
2936
2938
2940
2941
2942
2944
2945
2946
2947
2948
2949
2952
2953
2957
2959
2960
2962
2965
2966
2967
2969
2970
2971
2973
2974
2975
2978
2982
2983
2984
2985
2986
2989
2991
2992
2996
2998
2999
3000
3001
3003
3005
3006
3007
3008
3009
3011
3012
3013
3014
3015
3018
3020
3021
3022
3023
3025
3026
3027
3033
3038
3040
3041
3045
3047
3048
3049
3050
3052
3054
3055
3056
3062
3063
3066
3067
3068
3069
3071
3074
3075
3076
3077
3078
3079
3083
3088
3089
3090
3093
3097
3098
3101
3102
3104
3105
3106
3108
3109
3110
3111
3112
3114
3115
3116
3119
3124
3127
3129
3130
3131
3132
3133
3135
3136
3137
3140
3141
3142
3143
3145
3146
3147
3148
3149
3153
3154
3155
3156
3157
3158
3159
3160
3161
3162
3164
3165
3167
3168
3173
3175
3176
3177
3178
3181
3182
3183
3185
3186
3189
3196
3197
3200
3202
3203
3204
3206
3207
3208
3210
3212
3214
3215
3216
3218
3220
3221
3222
3223
3224
3225
3228
3229
3230
3232
3233
3235
3240
3241
3244
3245
3246
3247
3248
3250
3251
3252
3254
3256
3258
3259
3260
3261
3263
3266
3267
3268
3269
3271
3272
3273
3274
3275
3276
3277
3278
3280
3281
3282
3283
3284
3285
3286
3288
3289
3290
3292
3294
3298
3299
3300
3301
3303
3305
3308
3309
3310
3312
3313
3314
3315
3316
3317
3318
3320
3322
3324
3325
3327
3331
3332
3333
3334
3335
3338
3340
3342
3343
3344
3345
3346
3347
3348
3349
3351
3352
3354
3355
3356
3357
3358
3361
3365
3367
3368
3369
3370
3371
3373
3375
3376
3379
3380
3381
3382
3383
3385
3386
3387
3389
3391
3392
3393
3394
3395
3396
3397
3398
3399
3401
3402
3404
3405
3406
3409
3411
3412
3413
3416
3418
3419
3421
3422
3423
3425
3426
3427
3429
3431
3435
3436
3439
3440
3441
3442
3443
3446
3447
3448
3449
3450
3454
3455
3456
3458
3459
3461
3462
3464
3465
3466
3470
3471
3472
3474
3476
3477
3478
3479
3480
3481
3482
3483
3485
3486
3487
3488
3490
3491
3493
3495
3496
3497
3499
3501
3502
3503
3506
3509
3510
3514
3515
3517
3518
3522
3523
3524
3525
3526
3529
3532
3533
3536
3537
3538
3539
3540
3541
3543
3545
3546
3547
3548
3549
3550
3551
3552
3553
3555
3556
3557
3558
3559
3560
3561
3562
3565
3566
3567
3568
3573
3574
3576
3577
3582
3585
3586
3588
3590
3591
3592
3593
3594
3595
3601
3602
3603
3604
3607
3611
3613
3614
3615
3616
3618
3619
3623
3624
3625
3627
3628
3629
3630
3632
3633
3634
3637
3638
3639
3640
3641
3642
3644
3645
3646
3649
3650
3651
3652
3653
3656
3657
3660
3661
3662
3666
3668
3673
3674
3675
3676
3677
3681
3682
3684
3685
3686
3692
3695
3696
3697
3698
3701
3702
3703
3707
3708
3709
3710
3711
3712
3713
3716
3718
3720
3722
3723
3724
3725
3727
3730
3731
3732
3734
3735
3737
3738
3739
3740
3741
3742
3743
3745
3747
3748
3749
3750
3752
3753
3756
3762
3766
3767
3769
3770
3771
3773
3774
3775
3776
3777
3778
3779
3780
3782
3783
3784
3785
3786
3787
3789
3792
3795
3797
3801
3802
3803
3804
3806
3807
3809
3810
3811
3814
3815
3816
3817
3818
3819
3821
3823
3824
3825
3827
3829
3831
3832
3835
3836
3837
3838
3839
3841
3844
3845
3846
3848
3850
3852
3855
3859
3860
3861
3862
3863
3864
3865
3867
3868
3872
3875
3877
3878
3879
3883
3884
3886
3887
3890
3891
3892
3893
3895
3896
3899
3901
3902
3904
3905
3906
3907
3908
3909
3910
3911
3914
3918
3919
3921
3923
3924
3926
3927
3932
3937
3938
3939
3941
3942
3946
3949
3950
3951
3952
3954
3955
3956
3958
3959
3961
3964
3965
3967
3968
3969
3971
3972
3973
3978
3980
3981
3983
3984
3985
3986
3989
3991
3992
3993
3994
3995
3996
3998
4000
4001
4003
4004
4005
4006
4008
4009
4013
4016
4018
4019
4022
4023
4024
4025
4028
4029
4030
4031
4033
4035
4041
4043
4044
4045
4046
4049
4050
4051
4053
4054
4055
4057
4059
4060
4062
4064
4065
4068
4071
4072
4074
4076
4077
4078
4081
4082
4086
4090
4092
4094
4096
4097
4098
4100
4101
4102
4103
4104
4105
4106
4107
4108
4109
4110
4111
4114
4116
4117
4120
4121
4122
4125
4129
4131
4132
4135
4137
4139
4142
4143
4145
4146
4147
4150
4153
4155
4156
4164
4165
4166
4169
4174
4176
4179
4180
4181
4182
4183
4186
4187
4188
4189
4190
4191
4193
4194
4195
4196
4197
4199
4200
4201
4202
4205
4206
4207
4209
4210
4211
4212
4213
4214
4216
4217
4219
4220
4223
4226
4228
4229
4232
4234
4238
4240
4242
4243
4244
4246
4247
4248
4249
4250
4252
4253
4254
4255
4256
4257
4258
4259
4262
4263
4264
4267
4268
4269
4270
4271
4272
4273
4274
4275
4278
4279
4280
4282
4283
4284
4290
4291
4292
4293
4294
4296
4297
4302
4303
4305
4306
4308
4309
4311
4312
4313
4314
4316
4318
4319
4320
4321
4322
4323
4324
4325
4326
4331
4332
4334
4335
4337
4340
4341
4342
4345
4346
4347
4349
4350
4353
4354
4356
4358
4359
4360
4362
4363
4364
4367
4368
4369
4370
4371
4374
4377
4378
4380
4381
4382
4383
4384
4387
4389
4391
4394
4397
4398
4400
4401
4405
4406
4409
4410
4411
4412
4413
4416
4419
4420
4421
4422
4423
4427
4428
4430
4433
4435
4438
4439
4440
4442
4443
4445
4446
4447
4448
4450
4451
4452
4453
4454
4455
4456
4457
4458
4459
4460
4461
4464
4466
4468
4470
4471
4472
4474
4475
4476
4477
4480
4481
4483
4484
4485
4486
4489
4492
4493
4494
4495
4497
4498
4499
4500
4501
4502
4503
4504
4505
4507
4509
4510
4511
4514
4516
4517
4522
4523
4526
4527
4528
4529
4531
4532
4535
4536
4538
4540
4543
4544
4545
4549
4550
4551
4553
4556
4557
4558
4559
4561
4562
4565
4567
4568
4569
4571
4574
4577
4579
4581
4584
4586
4590
4591
4592
4593
4595
4596
4597
4598
4600
4602
4603
4604
4605
4608
4609
4610
4611
4612
4614
4616
4617
4618
4619
4620
4622
4625
4629
4633
4636
4637
4638
4640
4641
4642
4643
4644
4647
4648
4649
4650
4651
4653
4654
4655
4656
4657
4658
4659
4661
4662
4666
4667
4672
4674
4675
4676
4678
4679
4680
4681
4682
4687
4688
4691
4692
4695
4696
4697
4698
4700
4703
4705
4708
4709
4711
4712
4713
4715
4716
4717
4718
4719
4724
4725
4726
4728
4731
4732
4734
4735
4736
4737
4739
4740
4745
4746
4747
4748
4751
4755
4756
4757
4758
4762
4763
4764
4765
4767
4769
4771
4773
4775
4777
4778
4781
4782
4783
4784
4785
4788
4790
4793
4794
4797
4800
4801
4802
4803
4805
4806
4807
4810
4812
4817
4818
4819
4820
4823
4824
4826
4827
4828
4829
4831
4832
4833
4836
4837
4838
4842
4843
4844
4846
4848
4849
4851
4852
4853
4854
4858
4864
4865
4866
4869
4870
4871
4872
4873
4875
4876
4877
4881
4884
4885
4886
4887
4892
4894
4895
4899
4900
4902
4903
4906
4907
4910
4912
4915
4918
4920
4922
4923
4924
4925
4928
4931
4932
4933
4934
4935
4937
4938
4939
4940
4941
4942
4945
4947
4948
4950
4951
4952
4953
4954
4956
4957
4959
4960
4963
4964
4968
4969
4971
4972
4975
4976
4978
4981
4983
4985
4986
4987
4988
4991
4992
4996
4999
5001
5002
5003
5004
5006
5007
5008
5010
5011
5012
5015
5017
5020
5021
5022
5023
5024
5025
5027
5030
5032
5033
5035
5036
5038
5040
5048
5050
5052
5053
5054
5055
5057
5058
5059
5060
5061
5062
5063
5064
5065
5068
5069
5071
5073
5074
5075
5077
5078
5079
5081
5082
5084
5085
5086
5087
5088
5091
5093
5094
5095
5096
5097
5100
5102
5103
5104
5107
5108
5109
5110
5111
5112
5113
5114
5116
5119
5121
5123
5124
5125
5127
5129
5130
5132
5133
5136
5137
5138
5140
5141
5142
5144
5145
5146
5147
5149
5150
5151
5152
5153
5154
5155
5157
5158
5160
5161
5162
5164
5165
5168
5169
5174
5179
5181
5182
5183
5185
5187
5188
5189
5190
5191
5192
5193
5194
5195
5196
5197
5198
5199
5202
5203
5206
5208
5209
5210
5212
5213
5214
5215
5217
5218
5219
5221
5222
5225
5226
5230
5231
5233
5234
5237
5238
5239
5242
5243
5244
5245
5246
5247
5250
5252
5253
5256
5257
5258
5260
5262
5263
5264
5265
5266
5267
5268
5269
5272
5274
5276
5279
5281
5282
5283
5284
5286
5287
5289
5290
5291
5292
5296
5297
5298
5299
5301
5302
5304
5306
5307
5308
5309
5311
5312
5313
5314
5317
5318
5319
5320
5321
5322
5323
5327
5328
5329
5333
5334
5336
5337
5339
5341
5342
5343
5346
5348
5349
5351
5356
5360
5361
5363
5364
5365
5367
5368
5369
5370
5371
5374
5375
5376
5377
5378
5380
5381
5382
5383
5385
5387
5388
5389
5392
5393
5394
5395
5399
5400
5401
5402
5403
5404
5406
5407
5410
5411
5413
5415
5418
5419
5420
5421
5423
5424
5425
5426
5427
5429
5433
5435
5437
5438
5439
5440
5441
5442
5443
5445
5446
5450
5453
5456
5457
5460
5463
5464
5465
5466
5467
5468
5470
5471
5472
5473
5476
5478
5479
5481
5482
5483
5484
5485
5487
5488
5490
5492
5494
5497
5498
5499
5500
5502
5503
5504
5507
5509
5510
5511
5512
5514
5515
5516
5517
5518
5520
5521
5522
5524
5525
5529
5530
5531
5533
5535
5536
5537
5538
5539
5540
5542
5543
5544
5545
5546
5547
5549
5550
5552
5554
5555
5556
5558
5560
5563
5564
5566
5567
5568
5569
5570
5572
5573
5574
5575
5576
5581
5582
5583
5584
5586
5587
5588
5591
5592
5593
5595
5597
5598
5599
5600
5601
5602
5603
5604
5605
5606
5608
5610
5611
5612
5613
5615
5616
5617
5618
5620
5621
5622
5624
5626
5628
5629
5631
5632
5637
5638
5639
5640
5641
5642
5643
5654
5655
5657
5658
5659
5664
5666
5668
5674
5675
5678
5679
5681
5682
5683
5684
5686
5687
5688
5690
5691
5696
5697
5701
5705
5708
5709
5710
5711
5716
5717
5718
5719
5720
5721
5722
5723
5724
5725
5726
5727
5729
5731
5732
5734
5735
5736
5738
5739
5741
5742
5744
5745
5746
5747
5748
5750
5752
5753
5755
5756
5761
5766
5767
5769
5770
5775
5776
5777
5781
5783
5784
5786
5787
5789
5790
5791
5794
5796
5797
5802
5806
5807
5809
5811
5812
5813
5815
5816
5818
5819
5821
5822
5823
5828
5831
5832
5833
5834
5835
5836
5837
5838
5839
5840
5842
5845
5846
5848
5849
5852
5853
5854
5855
5857
5858
5859
5862
5864
5865
5866
5867
5868
5871
5873
5875
5876
5877
5878
5879
5880
5884
5885
5886
5887
5888
5891
5895
5899
5900
5903
5905
5907
5910
5912
5913
5914
5915
5917
5919
5921
5923
5927
5928
5929
5931
5932
5934
5936
5940
5943
5944
5947
5948
5949
5951
5953
5954
5955
5958
5959
5960
5961
5962
5964
5965
5967
5971
5973
5975
5976
5981
5985
5986
5991
5993
5994
5995
5996
5997
5999
6000
6001
6002
6005
6006
6007
6008
6010
6011
6013
6015
6019
6020
6021
6023
6024
6025
6027
6030
6032
6033
6037
6038
6040
6041
6042
6043
6044
6047
6048
6051
6053
6054
6055
6060
6064
6065
6066
6067
6070
6072
6073
6074
6075
6076
6078
6080
6082
6083
6084
6086
6087
6091
6092
6096
6097
6098
6100
6101
6103
6107
6109
6110
6113
6118
6119
6120
6123
6125
6128
6129
6131
6132
6133
6134
6137
6138
6139
6141
6144
6145
6147
6149
6151
6152
6153
6154
6156
6157
6159
6160
6161
6162
6163
6167
6168
6170
6172
6173
6176
6177
6179
6180
6181
6184
6185
6186
6187
6188
6191
6193
6194
6196
6197
6199
6201
6202
6204
6205
6206
6210
6211
6212
6215
6217
6218
6220
6223
6224
6225
6227
6228
6229
6230
6231
6232
6233
6234
6235
6237
6241
6242
6243
6247
6248
6250
6251
6252
6253
6257
6261
6262
6263
6265
6269
6270
6271
6272
6275
6276
6277
6278
6279
6280
6282
6283
6285
6286
6287
6288
6291
6294
6296
6297
6298
6299
6300
6302
6303
6304
6305
6306
6310
6311
6312
6314
6316
6318
6320
6321
6324
6326
6328
6330
6331
6332
6335
6338
6340
6341
6344
6346
6347
6348
6349
6350
6351
6353
6354
6355
6356
6361
6362
6363
6364
6368
6369
6372
6373
6375
6376
6379
6380
6381
6382
6383
6388
6389
6390
6391
6394
6395
6396
6397
6399
6400
6401
6403
6405
6406
6407
6408
6409
6410
6411
6416
6421
6427
6428
6429
6431
6433
6437
6439
6440
6444
6445
6446
6447
6448
6449
6451
6454
6456
6457
6458
6459
6460
6461
6462
6463
6464
6466
6468
6470
6472
6475
6476
6477
6478
6479
6480
6482
6486
6489
6491
6493
6494
6496
6497
6498
6500
6501
6502
6503
6504
6505
6508
6510
6512
6513
6515
6516
6517
6518
6519
6520
6523
6525
6526
6528
6530
6531
6534
6536
6537
6539
6541
6547
6549
6553
6554
6556
6559
6560
6562
6563
6565
6568
6569
6570
6572
6574
6577
6578
6579
6581
6583
6584
6585
6586
6587
6588
6590
6592
6593
6595
6596
6597
6598
6599
6600
6601
6602
6603
6604
6606
6607
6609
6611
6612
6614
6615
6616
6618
6621
6623
6625
6631
6635
6636
6637
6641
6642
6644
6645
6646
6651
6652
6655
6656
6657
6658
6659
6660
6664
6665
6666
6667
6668
6669
6671
6672
6674
6678
6681
6682
6683
6684
6685
6686
6687
6688
6689
6690
6691
6692
6693
6694
6695
6696
6697
6699
6700
6704
6707
6709
6712
6713
6715
6716
6719
6720
6721
6722
6723
6725
6727
6728
6729
6731
6732
6734
6735
6736
6737
6738
6741
6742
6744
6747
6749
6750
6751
6752
6753
6754
6755
6756
6759
6761
6763
6765
6766
6767
6768
6769
6771
6772
6774
6775
6776
6777
6778
6780
6782
6785
6786
6787
6788
6789
6790
6791
6792
6793
6795
6796
6797
6798
6799
6801
6802
6804
6805
6806
6812
6813
6814
6815
6816
6820
6823
6824
6825
6826
6827
6828
6829
6830
6831
6832
6833
6835
6836
6837
6838
6839
6840
6842
6843
6844
6845
6846
6847
6848
6849
6850
6853
6854
6855
6856
6857
6859
6860
6861
6862
6863
6864
6866
6868
6872
6874
6876
6877
6878
6879
6881
6882
6883
6887
6890
6891
6892
6893
6894
6896
6898
6899
6901
6906
6907
6908
6909
6911
6912
6913
6914
6915
6916
6917
6918
6919
6920
6921
6922
6923
6924
6925
6926
6927
6929
6930
6931
6932
6934
6935
6936
6938
6940
6942
6945
6946
6949
6951
6952
6954
6955
6959
6960
6961
6963
6964
6967
6968
6969
6970
6971
6972
6974
6975
6976
6977
6978
6979
6981
6982
6984
6985
6989
6990
6991
6992
6993
6995
6996
6998
6999
7000
7003
7004
7008
7009
7010
7011
7013
7015
7016
7017
7019
7020
7021
7022
7023
7025
7026
7027
7030
7031
7034
7037
7038
7039
7041
7043
7044
7045
7047
7048
7049
7050
7051
7052
7053
7055
7056
7057
7058
7059
7060
7061
7062
7064
7065
7068
7069
7070
7071
7073
7074
7076
7077
7080
7082
7083
7085
7088
7089
7090
7091
7092
7093
7094
7098
7100
7104
7105
7106
7107
7108
7109
7110
7111
7112
7114
7115
7117
7119
7120
7124
7126
7127
7128
7129
7130
7131
7132
7133
7135
7136
7137
7138
7139
7140
7141
7143
7145
7146
7147
7148
7149
7150
7151
7152
7154
7156
7157
7160
7161
7162
7163
7164
7165
7166
7167
7168
7170
7171
7172
7173
7174
7178
7182
7184
7185
7187
7188
7190
7191
7193
7196
7200
7201
7202
7204
7205
7206
7207
7209
7210
7214
7218
7219
7220
7221
7222
7223
7224
7225
7227
7229
7230
7231
7232
7233
7234
7236
7238
7239
7240
7242
7243
7245
7248
7249
7250
7251
7252
7253
7255
7256
7258
7261
7262
7263
7264
7266
7267
7268
7269
7270
7271
7273
7274
7277
7279
7280
7284
7285
7290
7291
7292
7293
7294
7295
7296
7297
7299
7300
7301
7302
7303
7305
7306
7308
7309
7312
7313
7314
7317
7321
7322
7323
7324
7325
7327
7331
7333
7334
7336
7338
7339
7342
7343
7345
7349
7350
7351
7352
7353
7355
7358
7360
7362
7363
7364
7365
7366
7367
7368
7369
7370
7372
7373
7374
7375
7376
7377
7378
7379
7384
7385
7386
7388
7389
7390
7392
7393
7394
7396
7397
7398
7400
7401
7402
7406
7407
7408
7409
7417
7419
7423
7424
7425
7426
7429
7431
7432
7433
7434
7435
7436
7437
7439
7444
7445
7446
7449
7450
7452
7455
7456
7457
7458
7459
7462
7463
7465
7467
7469
7470
7471
7472
7473
7475
7479
7481
7482
7483
7488
7489
7491
7492
7493
7494
7496
7497
7498
7500
7501
7502
7504
7505
7506
7508
7509
7510
7511
7515
7517
7519
7523
7524
7526
7528
7529
7530
7531
7534
7536
7537
7539
7540
7541
7542
7543
7548
7549
7551
7552
7553
7556
7557
7558
7559
7560
7562
7564
7566
7567
7569
7570
7571
7572
7573
7575
7576
7577
7579
7580
7581
7584
7585
7586
7591
7595
7597
7600
7601
7602
7604
7605
7608
7609
7610
7611
7612
7613
7615
7618
7619
7620
7621
7624
7625
7627
7628
7629
7630
7631
7633
7635
7637
7638
7639
7641
7642
7643
7645
7646
7647
7648
7649
7650
7651
7653
7654
7655
7656
7657
7658
7661
7662
7666
7668
7669
7670
7671
7672
7673
7674
7676
7679
7680
7683
7684
7685
7686
7688
7691
7693
7694
7695
7696
7698
7699
7700
7704
7705
7706
7707
7708
7709
7710
7711
7714
7715
7716
7717
7722
7723
7724
7727
7729
7731
7732
7733
7735
7736
7737
7738
7740
7741
7742
7743
7744
7745
7746
7747
7748
7749
7750
7751
7752
7753
7754
7755
7756
7757
7758
7760
7762
7765
7766
7767
7768
7769
7770
7771
7775
7776
7777
7779
7781
7783
7784
7786
7787
7789
7792
7793
7794
7795
7796
7797
7798
7799
7801
7802
7805
7810
7812
7813
7814
7815
7819
7822
7825
7826
7827
7829
7831
7832
7833
7836
7837
7838
7841
7847
7848
7850
7851
7853
7854
7856
7857
7859
7860
7861
7864
7865
7867
7869
7871
7873
7876
7879
7881
7882
7883
7884
7885
7886
7887
7888
7892
7893
7895
7896
7899
7900
7901
7902
7903
7904
7905
7907
7908
7909
7910
7912
7913
7915
7916
7917
7918
7919
7922
7923
7925
7927
7929
7930
7931
7932
7933
7935
7937
7938
7939
7941
7942
7943
7944
7946
7948
7949
7950
7952
7953
7954
7959
7960
7961
7963
7966
7968
7973
7974
7975
7978
7979
7980
7985
7986
7991
7992
7994
7995
7996
7998
8000
8002
8003
8004
8005
8007
8008
8009
8010
8011
8013
8016
8017
8018
8020
8021
8022
8023
8024
8025
8027
8028
8031
8032
8035
8037
8038
8043
8045
8048
8049
8050
8051
8052
8055
8057
8058
8059
8061
8063
8064
8065
8067
8069
8070
8071
8072
8073
8074
8075
8076
8079
8080
8081
8085
8088
8089
8090
8091
8092
8095
8096
8097
8098
8101
8102
8104
8107
8108
8109
8110
8115
8116
8118
8121
8123
8127
8129
8131
8132
8133
8134
8135
8136
8138
8139
8141
8142
8143
8144
8145
8146
8149
8153
8155
8156
8158
8159
8160
8167
8168
8170
8171
8172
8174
8175
8176
8180
8181
8182
8183
8188
8189
8190
8194
8196
8197
8199
8200
8201
8203
8205
8206
8207
8209
8210
8211
8212
8214
8215
8217
8219
8221
8222
8223
8225
8226
8227
8229
8230
8232
8233
8235
8236
8240
8241
8244
8248
8249
8251
8252
8253
8255
8257
8258
8261
8263
8266
8268
8270
8271
8273
8274
8275
8278
8280
8281
8283
8285
8286
8288
8289
8291
8292
8294
8297
8298
8303
8304
8305
8309
8311
8312
8313
8314
8319
8321
8322
8325
8326
8328
8330
8331
8332
8333
8334
8338
8340
8342
8344
8346
8347
8349
8351
8354
8356
8357
8358
8359
8360
8361
8362
8363
8365
8366
8367
8371
8373
8374
8376
8377
8378
8379
8383
8385
8387
8390
8391
8393
8394
8395
8398
8399
8400
8402
8403
8404
8408
8410
8411
8412
8413
8414
8416
8417
8418
8420
8422
8423
8424
8426
8428
8429
8432
8433
8437
8438
8439
8445
8446
8447
8448
8453
8455
8456
8460
8461
8462
8464
8465
8466
8469
8471
8473
8474
8476
8478
8480
8481
8482
8483
8485
8486
8487
8488
8489
8490
8494
8496
8498
8501
8502
8504
8505
8506
8508
8509
8511
8513
8514
8517
8519
8520
8521
8523
8525
8527
8528
8529
8530
8534
8535
8537
8538
8540
8542
8543
8546
8547
8548
8550
8551
8552
8556
8557
8558
8560
8561
8562
8564
8566
8567
8569
8571
8572
8573
8574
8576
8577
8579
8580
8582
8584
8585
8588
8590
8591
8592
8594
8596
8601
8602
8604
8605
8606
8608
8611
8613
8614
8615
8616
8618
8621
8623
8625
8628
8629
8631
8632
8634
8636
8640
8641
8642
8644
8649
8650
8652
8653
8655
8656
8659
8661
8662
8663
8664
8667
8669
8670
8672
8673
8674
8676
8677
8678
8679
8680
8681
8682
8683
8684
8685
8686
8689
8691
8692
8696
8697
8700
8701
8703
8704
8707
8708
8709
8710
8714
8715
8717
8718
8722
8723
8724
8727
8735
8736
8737
8738
8740
8741
8745
8747
8751
8752
8753
8754
8756
8757
8761
8762
8763
8764
8765
8766
8768
8771
8772
8774
8775
8776
8777
8778
8779
8781
8783
8787
8789
8791
8792
8793
8796
8797
8802
8804
8805
8806
8807
8810
8811
8813
8815
8816
8819
8820
8822
8823
8824
8825
8827
8828
8829
8831
8832
8833
8834
8836
8837
8838
8840
8841
8842
8844
8845
8846
8851
8853
8855
8858
8861
8862
8863
8864
8865
8866
8868
8869
8871
8872
8875
8877
8881
8883
8885
8889
8890
8894
8896
8898
8899
8901
8902
8904
8905
8907
8910
8911
8912
8913
8914
8915
8918
8919
8920
8921
8922
8924
8925
8930
8931
8933
8936
8938
8940
8941
8947
8948
8950
8951
8952
8953
8955
8956
8957
8958
8960
8964
8967
8968
8969
8971
8973
8974
8976
8978
8979
8980
8981
8982
8984
8985
8986
8989
8990
8991
8992
8994
8995
8997
8999
9000
9001
9002
9004
9005
9006
9007
9009
9011
9012
9014
9016
9017
9019
9020
9021
9022
9023
9024
9026
9029
9030
9031
9032
9033
9034
9035
9036
9037
9038
9040
9041
9042
9043
9045
9046
9047
9048
9052
9053
9055
9057
9061
9062
9063
9064
9066
9067
9069
9070
9072
9073
9074
9076
9077
9079
9080
9081
9083
9084
9085
9086
9087
9088
9090
9091
9093
9097
9100
9103
9104
9105
9106
9107
9108
9109
9110
9112
9113
9114
9115
9116
9118
9119
9122
9124
9125
9126
9127
9128
9129
9130
9131
9134
9135
9137
9138
9139
9140
9142
9145
9146
9147
9149
9152
9153
9158
9159
9160
9161
9162
9165
9169
9170
9171
9172
9173
9174
9175
9176
9177
9179
9180
9182
9183
9184
9185
9190
9191
9193
9195
9197
9198
9200
9201
9203
9204
9208
9209
9210
9212
9213
9214
9215
9216
9217
9218
9219
9222
9223
9224
9226
9227
9228
9229
9233
9234
9235
9237
9239
9241
9242
9243
9244
9246
9247
9251
9252
9253
9256
9257
9259
9261
9263
9264
9265
9270
9271
9272
9274
9275
9276
9277
9280
9281
9284
9285
9287
9288
9289
9290
9291
9292
9293
9294
9295
9296
9298
9300
9301
9303
9304
9306
9308
9310
9311
9312
9313
9314
9315
9317
9320
9321
9323
9324
9325
9327
9331
9332
9334
9336
9337
9339
9340
9341
9343
9344
9346
9347
9349
9350
9352
9354
9355
9356
9358
9359
9362
9364
9365
9366
9368
9369
9370
9371
9374
9375
9376
9377
9378
9382
9384
9389
9390
9391
9392
9393
9394
9395
9396
9397
9398
9399
9400
9404
9405
9409
9410
9411
9412
9413
9414
9416
9419
9420
9422
9426
9427
9428
9434
9435
9436
9437
9438
9439
9442
9444
9445
9448
9450
9451
9452
9453
9455
9461
9463
9465
9467
9468
9469
9471
9473
9476
9477
9478
9479
9483
9484
9486
9487
9489
9490
9491
9492
9493
9495
9496
9498
9499
9500
9502
9504
9505
9506
9507
9508
9510
9511
9512
9513
9514
9516
9517
9518
9520
9521
9522
9523
9524
9525
9526
9527
9528
9529
9530
9531
9533
9537
9539
9541
9544
9546
9547
9548
9550
9552
9554
9557
9558
9559
9560
9562
9563
9567
9568
9569
9570
9571
9572
9573
9575
9576
9577
9578
9579
9581
9582
9585
9586
9588
9589
9594
9596
9598
9600
9601
9602
9603
9604
9605
9608
9609
9612
9614
9618
9620
9621
9629
9630
9634
9636
9637
9638
9641
9642
9643
9644
9646
9648
9649
9651
9652
9654
9656
9657
9660
9663
9665
9666
9667
9668
9670
9673
9674
9675
9676
9677
9678
9680
9682
9684
9686
9688
9690
9691
9695
9696
9697
9698
9700
9701
9702
9703
9705
9707
9708
9710
9711
9713
9715
9718
9725
9729
9730
9732
9735
9736
9738
9741
9743
9748
9749
9752
9753
9754
9755
9757
9758
9759
9763
9765
9767
9770
9771
9772
9774
9779
9780
9781
9785
9787
9789
9791
9793
9794
9796
9797
9798
9799
9801
9803
9804
9806
9807
9808
9809
9810
9812
9813
9814
9816
9817
9818
9821
9822
9824
9825
9828
9829
9830
9831
9832
9834
9835
9838
9839
9841
9844
9845
9853
9855
9856
9857
9859
9860
9861
9862
9864
9866
9867
9868
9871
9873
9874
9875
9876
9877
9879
9880
9881
9882
9884
9885
9886
9887
9889
9891
9894
9895
9899
9902
9903
9905
9909
9910
9912
9913
9914
9916
9917
9918
9919
9920
9925
9927
9928
9929
9932
9934
9935
9936
9938
9939
9941
9942
9943
9944
9946
9947
9948
9950
9951
9952
9954
9956
9959
9960
9962
9963
9964
9966
9967
9969
9972
9974
9978
9979
9981
9982
9983
9985
9987
9988
9989
9992
9993
9995
9997
9999
10000
10001
10002
10006
10007
10008
10009
10010
10011
10013
10015
10016
10017
10018
10020
10021
10022
10023
10025
10027
10028
10029
10031
10032
10033
10034
10037
10040
10043
10044
10048
10049
10050
10053
10054
10057
10060
10062
10064
10065
10070
10072
10073
10074
10076
10077
10079
10080
10081
10082
10083
10085
10087
10088
10091
10092
10094
10098
10099
10100
10102
10103
10104
10109
10110
10113
10116
10117
10120
10123
10124
10125
10127
10128
10130
10132
10134
10135
10136
10137
10138
10139
10140
10142
10143
10146
10147
10148
10154
10155
10157
10158
10159
10160
10162
10164
10165
10168
10170
10171
10172
10173
10174
10175
10176
10177
10178
10179
10180
10181
10182
10183
10184
10185
10187
10189
10191
10192
10198
10199
10200
10201
10202
10203
10204
10206
10207
10208
10209
10212
10213
10216
10217
10219
10220
10223
10224
10226
10227
10230
10233
10234
10235
10236
10237
10242
10243
10244
10245
10246
10247
10249
10251
10254
10256
10257
10259
10260
10261
10266
10267
10268
10271
10273
10278
10279
10280
10283
10284
10288
10290
10293
10295
10298
10299
10300
10301
10302
10304
10307
10311
10312
10314
10317
10318
10320
10322
10324
10325
10326
10328
10330
10331
10333
10337
10338
10345
10347
10353
10354
10355
10359
10363
10366
10369
10375
10380
10381
10382
10383
10385
10386
10387
10388
10390
10393
10394
10396
10397
10399
10400
10401
10402
10403
10405
10407
10409
10411
10412
10414
10415
10416
10417
10418
10419
10422
10427
10429
10430
10432
10434
10437
10439
10440
10442
10443
10444
10445
10447
10448
10449
10450
10451
10452
10454
10455
10456
10458
10460
10462
10463
10464
10466
10467
10468
10469
10470
10471
10476
10477
10478
10479
10481
10482
10485
10486
10489
10490
10491
10492
10493
10494
10495
10497
10498
10500
10502
10503
10504
10505
10506
10509
10511
10513
10514
10518
10519
10520
10521
10522
10524
10526
10527
10530
10534
10536
10538
10539
10540
10541
10542
10544
10545
10546
10547
10548
10549
10550
10551
10552
10554
10555
10556
10557
10559
10560
10561
10563
10565
10567
10568
10571
10573
10574
10575
10576
10577
10579
10581
10582
10584
10585
10586
10587
10588
10589
10591
10592
10593
10594
10595
10600
10601
10604
10605
10607
10608
10610
10611
10615
10616
10617
10618
10619
10621
10623
10624
10626
10629
10631
10632
10633
10634
10635
10636
10637
10640
10641
10643
10644
10646
10647
10649
10652
10653
10654
10655
10657
10660
10661
10664
10665
10666
10668
10670
10671
10672
10673
10677
10679
10680
10682
10684
10685
10686
10688
10689
10690
10693
10694
10697
10699
10700
10702
10703
10704
10705
10707
10712
10713
10714
10716
10720
10721
10723
10724
10725
10728
10731
10732
10733
10736
10738
10739
10740
10743
10748
10750
10751
10757
10758
10759
10760
10761
10762
10765
10767
10768
10770
10773
10774
10778
10780
10784
10786
10787
10790
10791
10792
10794
10795
10797
10798
10799
10801
10802
10804
10808
10812
10814
10818
10820
10822
10823
10824
10825
10826
10827
10828
10829
10830
10831
10832
10833
10834
10836
10838
10839
10840
10842
10846
10849
10851
10852
10858
10859
10861
10864
10866
10868
10870
10871
10874
10876
10877
10883
10884
10886
10888
10889
10890
10891
10892
10894
10895
10896
10897
10898
10900
10901
10904
10905
10908
10909
10910
10912
10913
10914
10916
10920
10921
10922
10924
10925
10926
10927
10928
10929
10930
10933
10935
10937
10938
10939
10941
10942
10947
10949
10951
10953
10954
10957
10958
10960
10961
10962
10968
10969
10972
10973
10977
10978
10979
10980
10981
10983
10984
10986
10988
10991
10994
10996
10997
10998
10999
11003
11006
11007
11010
11012
11014
11017
11018
11020
11023
11025
11027
11028
11029
11030
11031
11032
11034
11036
11038
11040
11042
11044
11045
11047
11048
11050
11051
11053
11055
11056
11057
11059
11060
11061
11062
11063
11064
11067
11068
11072
11073
11075
11076
11077
11078
11079
11080
11082
11083
11084
11085
11087
11090
11092
11095
11096
11097
11098
11100
11103
11104
11106
11107
11110
11111
11112
11114
11118
11119
11120
11122
11124
11126
11127
11129
11130
11131
11133
11134
11135
11137
11138
11139
11143
11145
11146
11148
11149
11151
11152
11154
11155
11156
11159
11160
11161
11164
11167
11168
11171
11172
11173
11174
11175
11177
11178
11179
11185
11186
11187
11188
11189
11190
11191
11192
11193
11195
11197
11201
11203
11204
11205
11207
11208
11211
11212
11216
11217
11219
11222
11223
11224
11225
11226
11228
11229
11230
11231
11232
11235
11237
11239
11240
11241
11242
11243
11244
11245
11255
11256
11258
11260
11261
11262
11263
11264
11268
11269
11272
11273
11275
11276
11277
11278
11279
11280
11281
11283
11284
11286
11287
11288
11290
11292
11293
11295
11297
11300
11301
11307
11309
11310
11311
11312
11314
11315
11319
11320
11321
11323
11324
11325
11328
11329
11331
11332
11333
11334
11336
11337
11338
11339
11342
11343
11344
11345
11347
11348
11349
11350
11352
11354
11357
11358
11360
11361
11363
11365
11366
11367
11368
11369
11370
11372
11373
11375
11377
11382
11384
11388
11389
11390
11391
11393
11394
11395
11398
11399
11401
11402
11403
11405
11406
11408
11409
11410
11411
11412
11413
11414
11416
11417
11418
11419
11420
11421
11423
11425
11426
11429
11430
11432
11434
11436
11437
11439
11441
11442
11444
11446
11447
11448
11449
11450
11451
11452
11453
11454
11455
11456
11457
11463
11464
11465
11466
11467
11468
11469
11471
11472
11476
11479
11480
11482
11483
11484
11485
11486
11490
11492
11493
11494
11496
11497
11498
11501
11502
11503
11504
11506
11508
11509
11510
11512
11515
11516
11518
11519
11521
11522
11524
11525
11526
11527
11528
11531
11532
11533
11534
11536
11537
11538
11539
11540
11541
11543
11544
11545
11546
11547
11550
11551
11553
11555
11557
11559
11562
11565
11566
11571
11572
11574
11575
11576
11582
11583
11584
11585
11586
11587
11589
11590
11592
11593
11594
11596
11598
11599
11600
11601
11603
11605
11606
11608
11609
11610
11614
11615
11616
11617
11619
11621
11625
11626
11627
11628
11630
11632
11634
11635
11640
11642
11644
11645
11646
11647
11649
11650
11651
11652
11654
11655
11657
11660
11662
11663
11664
11665
11666
11670
11671
11672
11673
11674
11675
11676
11677
11678
11679
11682
11684
11685
11687
11689
11691
11692
11693
11694
11695
11696
11698
11699
11700
11701
11702
11703
11704
11705
11706
11707
11709
11710
11711
11714
11716
11718
11719
11720
11722
11723
11724
11727
11729
11731
11733
11736
11737
11738
11740
11743
11745
11749
11750
11751
11753
11754
11756
11757
11758
11759
11760
11762
11765
11766
11767
11773
11774
11775
11778
11779
11780
11783
11784
11786
11787
11788
11789
11792
11793
11794
11795
11798
11799
11800
11803
11805
11806
11808
11809
11810
11813
11814
11815
11816
11818
11819
11820
11821
11822
11825
11826
11827
11828
11829
11831
11832
11833
11834
11835
11838
11839
11841
11842
11844
11847
11851
11853
11854
11855
11859
11860
11861
11864
11865
11867
11869
11870
11872
11873
11874
11875
11879
11880
11885
11887
11892
11896
11897
11899
11900
11901
11902
11903
11905
11906
11908
11911
11912
11913
11914
11916
11917
11919
11922
11923
11926
11927
11929
11931
11932
11933
11934
11936
11937
11938
11939
11940
11941
11943
11944
11946
11947
11951
11952
11953
11955
11956
11957
11966
11967
11968
11970
11971
11976
11978
11979
11981
11983
11986
11991
11992
11993
11994
11995
11996
11998
12002
12003
12004
12006
12007
12008
12009
12011
12012
12013
12014
12015
12018
12019
12020
12023
12024
12025
12026
12029
12030
12032
12037
12041
12043
12044
12045
12046
12047
12049
12051
12053
12054
12056
12057
12060
12061
12062
12063
12064
12067
12068
12069
12070
12073
12075
12077
12078
12080
12081
12082
12085
12087
12090
12091
12092
12094
12097
12098
12099
12102
12103
12104
12105
12107
12109
12111
12112
12113
12114
12115
12116
12119
12120
12121
12122
12123
12125
12126
12131
12132
12135
12136
12137
12140
12141
12142
12143
12144
12145
12148
12150
12152
12154
12155
12156
12158
12159
12160
12161
12162
12165
12166
12168
12169
12170
12172
12174
12175
12178
12179
12180
12185
12186
12187
12189
12190
12194
12196
12198
12200
12201
12202
12203
12204
12205
12206
12207
12208
12210
12213
12214
12216
12218
12220
12221
12222
12223
12225
12226
12227
12230
12231
12232
12234
12236
12237
12238
12239
12241
12242
12245
12246
12247
12248
12251
12252
12254
12257
12259
12263
12264
12267
12268
12269
12270
12272
12273
12275
12276
12281
12282
12283
12286
12287
12289
12290
12292
12294
12295
12296
12297
12298
12301
12304
12309
12310
12311
12312
12313
12315
12316
12318
12320
12321
12323
12325
12326
12328
12329
12332
12336
12338
12340
12342
12343
12345
12346
12347
12349
12350
12352
12354
12355
12358
12360
12362
12364
12365
12366
12370
12371
12372
12373
12374
12375
12376
12379
12380
12382
12384
12388
12391
12392
12394
12396
12397
12401
12403
12404
12406
12407
12409
12410
12411
12412
12413
12415
12416
12417
12419
12422
12425
12426
12427
12428
12429
12430
12431
12432
12434
12436
12438
12441
12442
12443
12444
12445
12446
12447
12448
12449
12453
12456
12459
12460
12465
12467
12475
12480
12483
12485
12486
12489
12490
12491
12492
12494
12496
12499
12501
12503
12504
12505
12506
12507
12508
12512
12513
12514
12515
12516
12517
12518
12519
12520
12522
12523
12525
12526
12530
12531
12534
12537
12538
12539
12541
12543
12544
12545
12547
12548
12550
12551
12552
12553
12555
12559
12560
12563
12568
12571
12572
12575
12577
12578
12580
12581
12582
12583
12584
12585
12586
12587
12588
12589
12592
12593
12594
12597
12598
12600
12603
12607
12608
12610
12614
12615
12616
12617
12618
12619
12620
12621
12623
12624
12625
12626
12627
12628
12629
12630
12632
12633
12634
12636
12637
12639
12640
12641
12643
12644
12645
12646
12647
12648
12652
12653
12654
12656
12658
12659
12660
12661
12662
12663
12664
12665
12668
12670
12674
12677
12678
12680
12684
12685
12686
12689
12691
12692
12693
12695
12697
12698
12702
12705
12707
12709
12710
12712
12713
12716
12717
12718
12719
12721
12722
12723
12726
12727
12728
12729
12730
12736
12739
12740
12741
12742
12744
12746
12747
12748
12749
12751
12752
12754
12755
12757
12759
12761
12762
12763
12764
12765
12766
12768
12770
12771
12772
12773
12774
12775
12776
12779
12780
12784
12785
12786
12787
12790
12791
12793
12796
12797
12799
12801
12803
12804
12806
12810
12813
12814
12817
12818
12819
12820
12822
12825
12826
12832
12834
12835
12838
12839
12842
12843
12847
12848
12852
12854
12856
12857
12859
12861
12862
12863
12864
12865
12866
12868
12869
12872
12873
12874
12876
12878
12879
12880
12881
12882
12883
12884
12887
12888
12889
12893
12894
12898
12902
12903
12904
12905
12906
12907
12908
12910
12911
12912
12913
12914
12915
12916
12918
12919
12921
12922
12923
12924
12926
12929
12932
12934
12935
12936
12937
12938
12941
12943
12944
12945
12950
12951
12952
12954
12955
12961
12962
12963
12966
12967
12968
12971
12972
12976
12977
12981
12986
12988
12990
12992
12993
12995
12996
13001
13003
13004
13006
13007
13008
13009
13010
13019
13025
13026
13027
13031
13033
13034
13037
13038
13039
13043
13045
13046
13049
13050
13051
13057
13059
13060
13061
13064
13065
13068
13069
13073
13075
13076
13077
13079
13080
13082
13084
13085
13086
13089
13090
13091
13092
13093
13094
13096
13097
13098
13101
13102
13105
13106
13107
13111
13112
13113
13114
13118
13121
13123
13124
13127
13128
13132
13134
13135
13136
13137
13138
13139
13140
13145
13146
13147
13150
13151
13152
13153
13155
13156
13158
13160
13162
13166
13168
13170
13172
13173
13174
13176
13177
13182
13184
13188
13190
13191
13192
13193
13194
13196
13197
13199
13201
13204
13207
13209
13211
13212
13213
13216
13221
13222
13223
13224
13225
13226
13227
13231
13233
13235
13237
13242
13243
13246
13247
13249
13250
13251
13253
13254
13256
13257
13258
13261
13263
13264
13266
13267
13269
13271
13272
13273
13274
13275
13276
13277
13278
13279
13280
13282
13283
13285
13287
13289
13290
13293
13294
13295
13297
13298
13301
13302
13304
13306
13308
13309
13311
13313
13315
13316
13317
13318
13325
13326
13327
13328
13329
13330
13331
13332
13333
13334
13336
13337
13338
13339
13340
13341
13343
13344
13345
13346
13347
13348
13351
13353
13356
13360
13361
13363
13364
13365
13366
13367
13368
13369
13370
13371
13372
13373
13374
13375
13376
13377
13378
13379
13381
13382
13384
13385
13386
13388
13390
13391
13392
13394
13396
13397
13398
13399
13400
13401
13402
13403
13405
13409
13410
13411
13413
13414
13416
13417
13421
13422
13423
13426
13427
13429
13430
13432
13433
13436
13437
13438
13443
13444
13446
13453
13459
13460
13461
13462
13464
13465
13468
13469
13470
13474
13475
13476
13478
13480
13481
13483
13484
13485
13486
13489
13490
13491
13493
13494
13495
13496
13497
13498
13499
13500
13502
13503
13504
13505
13506
13507
13508
13510
13511
13514
13515
13517
13518
13522
13523
13525
13526
13529
13530
13532
13534
13536
13538
13540
13542
13543
13545
13546
13547
13548
13549
13550
13552
13553
13555
13556
13557
13560
13561
13562
13563
13564
13568
13570
13571
13572
13575
13576
13577
13578
13581
13583
13584
13587
13588
13590
13591
13594
13596
13597
13601
13604
13605
13606
13607
13608
13609
13611
13612
13613
13614
13615
13616
13617
13620
13621
13623
13624
13628
13632
13633
13634
13635
13636
13638
13639
13640
13643
13644
13645
13648
13651
13652
13653
13654
13655
13656
13657
13658
13659
13660
13661
13663
13666
13668
13670
13672
13673
13675
13676
13677
13678
13680
13681
13683
13685
13686
13687
13688
13689
13690
13691
13694
13696
13697
13698
13700
13702
13703
13705
13706
13708
13709
13711
13712
13713
13714
13717
13718
13720
13721
13722
13723
13725
13726
13727
13728
13730
13731
13733
13735
13736
13739
13740
13741
13742
13745
13746
13749
13750
13751
13752
13753
13754
13755
13756
13759
13760
13761
13762
13763
13766
13767
13768
13770
13771
13773
13774
13775
13776
13777
13779
13780
13781
13783
13786
13787
13793
13794
13795
13798
13799
13806
13807
13808
13809
13810
13812
13813
13814
13816
13820
13822
13823
13824
13825
13826
13827
13829
13831
13832
13833
13834
13835
13836
13837
13839
13840
13841
13842
13844
13846
13847
13848
13850
13851
13852
13853
13854
13855
13856
13858
13859
13860
13861
13863
13866
13867
13869
13870
13871
13872
13873
13874
13876
13879
13880
13881
13882
13883
13884
13885
13886
13887
13888
13893
13895
13896
13897
13898
13899
13900
13901
13903
13905
13907
13908
13910
13912
13913
13915
13918
13922
13924
13925
13926
13927
13928
13929
13930
13932
13935
13936
13938
13939
13943
13945
13946
13949
13950
13951
13952
13953
13955
13957
13959
13960
13961
13962
13965
13966
13967
13969
13971
13974
13975
13976
13978
13980
13982
13983
13985
13987
13988
13991
13993
13994
13996
13999
14000
14002
14004
14006
14007
14008
14009
14010
14011
14012
14013
14015
14016
14019
14021
14022
14024
14025
14026
14028
14029
14032
14033
14034
14038
14042
14043
14044
14045
14049
14050
14053
14057
14059
14060
14061
14063
14064
14065
14067
14068
14070
14071
14072
14074
14075
14076
14077
14079
14080
14081
14082
14083
14084
14085
14087
14088
14089
14092
14094
14095
14096
14099
14101
14102
14103
14104
14107
14109
14110
14111
14112
14114
14116
14118
14120
14122
14123
14124
14127
14128
14131
14135
14136
14138
14140
14143
14144
14146
14147
14153
14155
14157
14158
14159
14160
14163
14164
14170
14172
14173
14174
14175
14177
14178
14180
14183
14184
14185
14186
14188
14193
14194
14195
14196
14197
14198
14199
14200
14202
14204
14208
14209
14211
14212
14213
14216
14217
14218
14222
14224
14227
14229
14230
14231
14232
14233
14234
14236
14238
14239
14240
14241
14243
14244
14246
14247
14249
14250
14251
14253
14254
14256
14258
14260
14261
14262
14264
14267
14269
14270
14273
14275
14277
14279
14280
14281
14284
14285
14286
14290
14295
14297
14298
14299
14300
14301
14307
14309
14310
14312
14314
14315
14316
14317
14318
14319
14321
14322
14325
14326
14327
14329
14331
14332
14334
14335
14337
14338
14339
14340
14341
14342
14343
14345
14346
14347
14348
14349
14350
14351
14354
14356
14357
14358
14359
14360
14363
14364
14365
14367
14368
14369
14370
14371
14372
14373
14374
14375
14377
14380
14381
14385
14388
14389
14390
14392
14393
14395
14396
14400
14401
14403
14404
14405
14406
14407
14408
14410
14411
14412
14413
14417
14420
14422
14423
14424
14425
14426
14427
14428
14429
14430
14433
14434
14435
14436
14437
14438
14440
14443
14445
14446
14447
14448
14449
14450
14454
14458
14459
14460
14462
14463
14464
14465
14466
14469
14470
14471
14473
14474
14475
14476
14477
14478
14479
14484
14486
14487
14488
14489
14490
14494
14496
14497
14501
14503
14505
14508
14509
14512
14513
14514
14515
14516
14518
14520
14522
14526
14528
14529
14530
14531
14533
14535
14536
14537
14540
14543
14545
14549
14550
14552
14553
14554
14555
14557
14558
14559
14560
14561
14564
14566
14567
14568
14570
14571
14572
14575
14578
14582
14586
14587
14588
14589
14591
14593
14594
14596
14597
14599
14600
14601
14602
14604
14607
14608
14610
14611
14612
14613
14614
14617
14618
14619
14621
14622
14623
14625
14626
14628
14629
14630
14631
14632
14635
14638
14639
14640
14641
14643
14645
14646
14648
14649
14650
14651
14652
14654
14655
14666
14667
14668
14670
14671
14672
14673
14674
14675
14676
14678
14679
14680
14681
14683
14686
14687
14689
14690
14693
14694
14695
14696
14697
14700
14701
14703
14704
14708
14710
14713
14716
14717
14718
14719
14720
14722
14724
14725
14726
14729
14732
14733
14735
14737
14738
14739
14740
14743
14746
14749
14750
14751
14756
14758
14764
14765
14766
14767
14768
14769
14773
14774
14776
14778
14779
14781
14782
14786
14787
14788
14789
14792
14793
14794
14795
14797
14798
14803
14804
14805
14806
14807
14809
14810
14812
14813
14814
14815
14818
14819
14820
14821
14824
14825
14826
14828
14829
14832
14833
14835
14836
14837
14839
14840
14841
14842
14843
14844
14845
14846
14847
14852
14853
14857
14858
14860
14861
14863
14864
14866
14869
14872
14875
14876
14877
14879
14880
14881
14885
14887
14888
14889
14890
14892
14893
14894
14895
14896
14899
14900
14901
14902
14906
14907
14908
14911
14912
14913
14914
14918
14919
14920
14921
14922
14923
14925
14927
14930
14931
14933
14934
14935
14937
14938
14939
14940
14941
14942
14943
14945
14946
14948
14949
14950
14951
14952
14954
14955
14956
14957
14958
14959
14963
14964
14966
14968
14971
14974
14975
14977
14978
14981
14984
14986
14989
14990
14991
14992
14993
14995
14996
14997
14998
15002
15004
15005
15006
15007
15008
15009
15011
15012
15013
15015
15019
15021
15030
15033
15035
15037
15039
15045
15046
15047
15048
15049
15050
15051
15052
15053
15055
15057
15060
15061
15064
15068
15074
15075
15076
15077
15078
15081
15082
15084
15085
15088
15090
15091
15092
15093
15094
15097
15099
15102
15104
15105
15107
15108
15110
15111
15120
15122
15123
15124
15125
15130
15131
15132
15133
15137
15138
15139
15140
15141
15144
15145
15146
15147
15149
15150
15154
15155
15156
15157
15158
15160
15161
15163
15164
15167
15168
15169
15170
15172
15173
15174
15175
15176
15177
15180
15182
15184
15185
15186
15187
15189
15190
15193
15197
15198
15199
15200
15202
15203
15206
15207
15208
15210
15211
15213
15215
15216
15217
15218
15223
15224
15225
15227
15229
15230
15231
15232
15234
15235
15236
15237
15238
15239
15241
15242
15243
15245
15250
15251
15252
15255
15257
15259
15260
15261
15262
15265
15266
15267
15268
15269
15270
15272
15277
15278
15279
15282
15283
15284
15285
15286
15287
15288
15289
15291
15292
15293
15294
15295
15296
15298
15300
15301
15302
15304
15305
15306
15307
15310
15311
15312
15314
15315
15317
15318
15319
15321
15322
15323
15325
15326
15329
15331
15332
15334
15335
15336
15337
15339
15340
15342
15343
15344
15346
15347
15348
15349
15351
15353
15354
15355
15356
15358
15362
15364
15365
15367
15369
15373
15375
15376
15378
15379
15381
15382
15386
15387
15388
15391
15392
15393
15395
15397
15399
15400
15401
15402
15406
15407
15408
15409
15416
15417
15418
15420
15421
15422
15425
15427
15428
15430
15432
15434
15436
15438
15439
15440
15441
15444
15445
15446
15447
15448
15449
15450
15457
15458
15459
15460
15461
15462
15463
15465
15466
15469
15470
15473
15475
15476
15480
15484
15487
15488
15489
15490
15493
15494
15498
15500
15502
15503
15509
15510
15512
15514
15516
15518
15520
15521
15522
15523
15524
15528
15530
15532
15533
15538
15539
15540
15541
15542
15543
15545
15546
15547
15548
15549
15550
15553
15554
15556
15558
15559
15560
15563
15564
15566
15569
15570
15571
15572
15573
15574
15576
15580
15581
15584
15586
15587
15590
15591
15594
15595
15596
15598
15600
15603
15605
15607
15609
15612
15614
15615
15616
15617
15619
15622
15624
15625
15626
15629
15630
15632
15633
15634
15635
15636
15637
15639
15640
15642
15643
15645
15646
15648
15650
15651
15654
15655
15657
15659
15660
15661
15663
15665
15667
15668
15672
15673
15674
15679
15683
15684
15689
15690
15691
15692
15698
15699
15702
15703
15704
15707
15709
15710
15711
15714
15715
15716
15717
15718
15719
15720
15721
15722
15725
15728
15730
15731
15732
15734
15735
15737
15738
15741
15742
15744
15746
15749
15750
15752
15754
15756
15757
15758
15759
15760
15763
15764
15765
15769
15770
15771
15772
15774
15776
15778
15779
15781
15783
15784
15787
15789
15791
15795
15797
15798
15800
15801
15810
15811
15813
15814
15815
15816
15818
15819
15822
15824
15825
15829
15830
15831
15833
15840
15842
15844
15845
15846
15848
15849
15851
15852
15853
15855
15859
15861
15862
15863
15864
15866
15869
15870
15871
15873
15878
15879
15882
15886
15888
15892
15894
15895
15898
15899
15900
15902
15906
15909
15911
15912
15915
15916
15917
15919
15921
15923
15928
15930
15931
15933
15937
15941
15942
15945
15946
15947
15950
15953
15954
15955
15957
15958
15960
15962
15964
15965
15966
15967
15968
15969
15974
15975
15976
15977
15978
15979
15980
15981
15982
15983
15984
15987
15988
15990
15993
15994
15997
16000
16002
16003
16004
16006
16008
16010
16012
16014
16015
16016
16017
16018
16019
16020
16023
16024
16025
16026
16027
16030
16031
16032
16033
16035
16036
16037
16038
16039
16041
16043
16044
16046
16047
16049
16050
16051
16053
16055
16057
16058
16059
16061
16062
16063
16065
16066
16071
16072
16073
16074
16076
16077
16078
16081
16082
16086
16087
16088
16089
16092
16093
16094
16095
16096
16097
16099
16103
16105
16106
16108
16110
16112
16113
16114
16116
16118
16119
16123
16124
16125
16126
16127
16128
16129
16130
16131
16133
16135
16136
16137
16140
16142
16143
16145
16146
16148
16149
16150
16153
16154
16156
16157
16159
16160
16161
16165
16166
16170
16171
16173
16176
16177
16178
16179
16183
16185
16187
16190
16191
16193
16194
16196
16198
16199
16201
16202
16204
16208
16213
16214
16216
16217
16218
16219
16221
16222
16226
16227
16229
16230
16233
16234
16237
16238
16239
16240
16241
16242
16243
16244
16245
16246
16247
16251
16252
16253
16254
16255
16256
16258
16260
16261
16262
16263
16264
16265
16266
16267
16268
16269
16271
16272
16273
16276
16277
16279
16281
16283
16284
16291
16292
16293
16296
16297
16298
16299
16300
16301
16303
16306
16310
16311
16312
16313
16316
16317
16323
16324
16326
16327
16328
16333
16334
16336
16337
16339
16340
16341
16343
16346
16349
16350
16352
16355
16356
16358
16360
16362
16365
16366
16367
16369
16371
16375
16376
16377
16378
16379
16382
16383
16384
16385
16386
16387
16388
16389
16390
16392
16393
16394
16396
16400
16401
16402
16407
16408
16409
16410
16412
16413
16414
16415
16416
16417
16423
16424
16428
16430
16431
16432
16433
16434
16435
16436
16437
16439
16444
16445
16447
16448
16450
16451
16452
16454
16455
16456
16458
16460
16461
16462
16463
16468
16469
16470
16472
16473
16474
16475
16476
16477
16478
16480
16482
16484
16486
16487
16491
16493
16495
16496
16497
16498
16501
16502
16503
16504
16505
16506
16507
16508
16509
16511
16512
16513
16515
16517
16518
16520
16523
16524
16526
16527
16530
16532
16533
16536
16539
16540
16544
16547
16548
16550
16551
16555
16556
16557
16558
16559
16561
16563
16565
16566
16567
16568
16569
16572
16576
16577
16580
16581
16583
16585
16587
16588
16590
16593
16594
16595
16596
16599
16601
16604
16605
16606
16607
16608
16609
16610
16611
16612
16613
16614
16617
16621
16623
16624
16625
16627
16630
16632
16636
16637
16638
16641
16643
16644
16645
16646
16650
16655
16656
16658
16660
16661
16662
16664
16665
16666
16669
16671
16673
16674
16675
16676
16680
16682
16687
16688
16690
16691
16692
16694
16696
16700
16701
16702
16703
16704
16706
16707
16708
16710
16711
16713
16715
16716
16717
16718
16719
16722
16724
16725
16727
16729
16730
16732
16734
16735
16736
16738
16740
16741
16742
16744
16746
16747
16749
16750
16751
16752
16753
16754
16755
16757
16764
16765
16767
16770
16771
16772
16774
16776
16777
16783
16784
16785
16787
16789
16792
16793
16794
16796
16798
16799
16800
16804
16805
16806
16807
16808
16811
16812
16813
16814
16816
16817
16818
16821
16823
16824
16825
16826
16828
16832
16836
16837
16839
16841
16843
16844
16845
16847
16848
16849
16851
16852
16854
16856
16857
16858
16862
16863
16865
16866
16869
16871
16872
16877
16878
16879
16881
16883
16886
16890
16893
16895
16898
16899
16901
16902
16904
16907
16908
16909
16911
16912
16914
16916
16918
16919
16920
16921
16922
16923
16924
16926
16927
16928
16929
16930
16932
16934
16935
16937
16938
16939
16940
16941
16942
16943
16944
16946
16947
16948
16950
16951
16952
16953
16955
16961
16963
16966
16967
16969
16970
16971
16973
16974
16978
16979
16980
16981
16985
16987
16988
16990
16991
16992
16995
16999
17000
17001
17003
17004
17005
17007
17008
17010
17012
17017
17018
17021
17022
17023
17024
17025
17026
17028
17029
17031
17033
17034
17035
17036
17038
17040
17041
17043
17047
17048
17049
17051
17052
17053
17056
17058
17060
17062
17063
17066
17067
17068
17070
17072
17073
17075
17076
17078
17079
17080
17082
17085
17086
17088
17089
17090
17095
17099
17100
17102
17103
17107
17108
17109
17111
17113
17114
17115
17116
17118
17120
17123
17124
17125
17126
17132
17134
17135
17137
17138
17141
17143
17145
17147
17148
17150
17151
17152
17153
17154
17156
17158
17160
17161
17162
17163
17164
17166
17167
17168
17169
17172
17174
17175
17176
17177
17178
17179
17181
17182
17183
17184
17185
17186
17189
17191
17194
17195
17196
17197
17198
17200
17201
17206
17207
17208
17210
17211
17213
17214
17215
17217
17218
17219
17221
17222
17223
17224
17226
17227
17228
17233
17234
17235
17238
17239
17241
17242
17243
17246
17247
17248
17250
17253
17254
17255
17257
17258
17260
17263
17264
17265
17266
17267
17268
17269
17270
17271
17272
17273
17274
17275
17277
17278
17279
17280
17282
17285
17288
17289
17292
17293
17297
17299
17301
17303
17307
17308
17310
17315
17319
17320
17321
17323
17326
17328
17329
17331
17333
17334
17335
17338
17339
17342
17343
17344
17345
17346
17349
17350
17352
17354
17355
17358
17359
17360
17362
17364
17366
17367
17368
17370
17375
17376
17377
17378
17381
17382
17383
17385
17386
17388
17389
17390
17392
17393
17396
17397
17398
17399
17401
17402
17403
17404
17405
17407
17408
17409
17411
17412
17413
17414
17415
17416
17419
17420
17423
17425
17427
17428
17430
17435
17437
17440
17443
17445
17446
17448
17451
17456
17458
17460
17461
17464
17466
17469
17470
17471
17473
17475
17476
17478
17479
17480
17482
17484
17485
17487
17489
17491
17493
17494
17496
17498
17503
17504
17506
17507
17509
17510
17512
17513
17514
17516
17519
17524
17526
17527
17528
17529
17531
17532
17534
17535
17537
17538
17539
17540
17541
17543
17546
17549
17550
17551
17552
17557
17558
17559
17562
17563
17564
17565
17569
17570
17571
17574
17575
17576
17580
17581
17582
17583
17584
17585
17586
17588
17589
17590
17593
17594
17595
17597
17598
17600
17601
17602
17605
17606
17607
17608
17611
17614
17616
17617
17618
17619
17621
17624
17625
17627
17629
17631
17633
17635
17636
17638
17641
17642
17643
17645
17647
17648
17649
17652
17654
17656
17659
17663
17665
17667
17669
17671
17672
17673
17674
17676
17677
17678
17679
17682
17684
17685
17687
17688
17690
17691
17692
17695
17696
17698
17701
17704
17707
17712
17713
17715
17716
17720
17721
17723
17725
17726
17727
17729
17731
17732
17733
17734
17735
17736
17737
17738
17739
17741
17742
17743
17745
17747
17748
17749
17751
17752
17754
17756
17760
17761
17763
17766
17767
17768
17770
17771
17772
17776
17778
17779
17782
17785
17786
17787
17788
17790
17792
17793
17794
17796
17797
17798
17799
17800
17803
17804
17805
17809
17810
17811
17812
17813
17815
17816
17818
17820
17821
17823
17826
17827
17832
17835
17836
17839
17841
17842
17844
17845
17847
17848
17849
17854
17855
17856
17858
17859
17862
17863
17865
17867
17869
17870
17872
17873
17874
17875
17876
17877
17878
17882
17884
17885
17886
17887
17888
17892
17896
17897
17898
17899
17900
17901
17902
17903
17904
17905
17906
17907
17908
17909
17910
17912
17913
17916
17917
17918
17919
17920
17921
17922
17923
17924
17925
17927
17931
17933
17935
17937
17939
17942
17943
17944
17947
17950
17951
17953
17954
17957
17958
17959
17960
17961
17962
17963
17964
17965
17966
17967
17969
17970
17971
17973
17975
17981
17985
17986
17993
17994
17996
17998
17999
18004
18007
18008
18013
18014
18016
18018
18020
18021
18023
18025
18026
18027
18028
18030
18031
18032
18034
18035
18036
18038
18039
18040
18041
18042
18043
18045
18049
18050
18051
18052
18054
18055
18057
18058
18059
18060
18062
18063
18064
18065
18066
18067
18069
18070
18071
18072
18073
18077
18079
18080
18081
18082
18083
18087
18089
18090
18091
18092
18095
18097
18098
18099
18100
18101
18104
18106
18107
18108
18109
18111
18112
18113
18115
18116
18118
18119
18121
18125
18126
18128
18131
18132
18133
18134
18135
18136
18138
18140
18142
18143
18144
18145
18146
18147
18148
18149
18150
18152
18153
18156
18157
18158
18159
18160
18161
18163
18164
18165
18166
18169
18170
18173
18174
18175
18176
18178
18179
18180
18182
18183
18185
18190
18191
18193
18195
18196
18197
18198
18201
18204
18205
18208
18209
18211
18215
18216
18219
18221
18222
18224
18225
18226
18231
18232
18233
18235
18237
18238
18239
18244
18245
18246
18248
18249
18250
18251
18252
18253
18255
18257
18258
18259
18260
18261
18263
18264
18266
18267
18268
18270
18273
18274
18277
18278
18279
18284
18285
18287
18288
18290
18293
18295
18296
18297
18299
18300
18302
18304
18307
18310
18312
18314
18315
18316
18317
18323
18325
18326
18327
18328
18332
18333
18335
18340
18341
18345
18346
18347
18349
18350
18352
18356
18357
18359
18360
18361
18362
18365
18367
18368
18370
18372
18374
18375
18376
18377
18378
18380
18381
18382
18386
18387
18388
18389
18390
18391
18392
18394
18395
18397
18401
18405
18406
18407
18409
18410
18413
18414
18415
18417
18418
18419
18420
18421
18422
18423
18425
18426
18427
18431
18434
18435
18436
18437
18438
18439
18440
18441
18442
18443
18444
18446
18447
18448
18449
18451
18453
18455
18456
18458
18460
18461
18462
18463
18464
18468
18469
18470
18472
18474
18476
18477
18480
18481
18482
18485
18487
18495
18497
18502
18503
18509
18510
18511
18512
18515
18517
18518
18519
18520
18522
18525
18526
18528
18529
18530
18531
18532
18533
18535
18536
18537
18538
18540
18543
18544
18548
18551
18552
18553
18554
18555
18556
18558
18560
18562
18563
18564
18565
18566
18568
18570
18572
18573
18575
18576
18578
18580
18581
18582
18584
18587
18589
18591
18592
18594
18596
18597
18598
18599
18600
18601
18603
18605
18606
18607
18608
18609
18610
18611
18612
18614
18616
18617
18619
18620
18621
18622
18623
18624
18625
18626
18627
18628
18631
18632
18633
18634
18635
18636
18639
18640
18641
18643
18646
18647
18648
18649
18650
18651
18652
18655
18658
18659
18660
18661
18662
18665
18666
18667
18669
18670
18671
18673
18674
18675
18678
18679
18681
18684
18687
18688
18689
18691
18692
18693
18694
18697
18698
18699
18704
18705
18706
18708
18713
18717
18719
18721
18722
18724
18725
18727
18728
18729
18730
18731
18732
18733
18735
18736
18740
18741
18743
18744
18745
18746
18748
18749
18750
18756
18757
18760
18761
18763
18764
18765
18766
18767
18769
18770
18771
18772
18773
18774
18777
18778
18779
18782
18784
18785
18788
18790
18793
18796
18797
18798
18799
18800
18801
18802
18803
18804
18805
18807
18810
18813
18814
18815
18817
18818
18820
18825
18826
18828
18831
18832
18833
18834
18836
18837
18839
18844
18845
18846
18848
18849
18851
18852
18853
18855
18857
18858
18859
18861
18863
18865
18868
18869
18870
18871
18873
18876
18877
18878
18880
18881
18882
18884
18885
18887
18888
18890
18891
18892
18893
18894
18896
18897
18898
18899
18900
18902
18905
18908
18909
18912
18913
18916
18917
18918
18920
18921
18923
18924
18925
18926
18927
18929
18930
18931
18934
18935
18936
18937
18938
18939
18940
18941
18942
18944
18946
18948
18949
18951
18955
18956
18957
18958
18961
18962
18963
18968
18969
18970
18974
18975
18976
18977
18979
18980
18982
18984
18985
18986
18987
18988
18990
18991
18992
18996
19001
19002
19004
19006
19007
19014
19015
19017
19018
19019
19020
19021
19023
19024
19025
19026
19027
19028
19031
19032
19033
19034
19035
19036
19037
19038
19039
19041
19043
19044
19046
19047
19048
19049
19052
19054
19056
19058
19059
19060
19061
19062
19063
19064
19065
19067
19068
19069
19070
19071
19072
19073
19074
19075
19076
19083
19084
19086
19087
19088
19089
19091
19094
19095
19096
19098
19099
19102
19103
19107
19109
19111
19112
19116
19117
19118
19120
19121
19125
19127
19129
19132
19133
19134
19137
19139
19140
19141
19142
19143
19144
19145
19148
19150
19151
19153
19159
19161
19162
19163
19165
19166
19167
19170
19173
19176
19178
19180
19185
19187
19193
19194
19195
19196
19199
19200
19202
19203
19204
19205
19207
19211
19212
19216
19217
19218
19219
19221
19222
19223
19225
19228
19229
19233
19234
19235
19237
19239
19240
19241
19242
19244
19245
19246
19248
19250
19251
19253
19255
19257
19258
19259
19264
19266
19267
19268
19269
19270
19271
19272
19273
19274
19276
19277
19278
19280
19281
19282
19283
19284
19285
19286
19287
19289
19291
19292
19293
19296
19297
19298
19299
19300
19302
19304
19305
19306
19307
19308
19310
19312
19313
19314
19317
19318
19322
19323
19324
19325
19326
19328
19329
19332
19333
19335
19336
19338
19339
19341
19347
19349
19351
19352
19355
19358
19361
19364
19365
19368
19370
19372
19373
19377
19378
19379
19380
19381
19382
19383
19386
19388
19390
19391
19392
19393
19394
19395
19396
19400
19401
19402
19404
19406
19409
19411
19412
19415
19416
19418
19422
19423
19424
19425
19427
19428
19429
19431
19434
19438
19441
19443
19445
19448
19449
19452
19457
19458
19460
19462
19463
19467
19468
19469
19470
19471
19473
19475
19476
19477
19478
19480
19481
19482
19483
19486
19487
19489
19491
19493
19497
19498
19499
19500
19501
19502
19503
19504
19505
19508
19509
19510
19512
19513
19514
19517
19518
19519
19520
19521
19522
19524
19525
19526
19528
19530
19531
19532
19533
19534
19535
19538
19539
19540
19542
19543
19544
19545
19548
19549
19550
19553
19554
19559
19561
19564
19565
19566
19568
19569
19570
19571
19573
19576
19579
19580
19581
19583
19584
19585
19587
19588
19589
19592
19593
19595
19598
19599
19600
19601
19602
19604
19605
19606
19607
19608
19610
19611
19612
19616
19617
19618
19620
19622
19623
19624
19628
19630
19632
19635
19637
19638
19641
19642
19646
19647
19648
19649
19650
19652
19653
19655
19656
19657
19658
19660
19661
19663
19664
19665
19666
19667
19668
19672
19674
19676
19678
19679
19680
19681
19683
19684
19685
19686
19688
19689
19691
19692
19693
19694
19698
19700
19701
19703
19704
19705
19706
19707
19708
19709
19712
19713
19715
19717
19718
19719
19721
19723
19724
19725
19726
19727
19728
19730
19731
19732
19733
19734
19738
19740
19741
19742
19743
19745
19747
19748
19749
19751
19752
19754
19756
19757
19758
19760
19761
19765
19767
19768
19771
19773
19774
19775
19777
19778
19782
19784
19785
19787
19788
19790
19793
19795
19796
19797
19799
19800
19801
19802
19804
19806
19807
19811
19813
19814
19815
19817
19818
19819
19820
19821
19822
19823
19825
19826
19832
19833
19834
19836
19837
19838
19840
19841
19843
19844
19845
19846
19849
19852
19853
19854
19855
19856
19857
19858
19859
19860
19862
19865
19866
19869
19870
19871
19872
19873
19874
19875
19876
19877
19878
19880
19881
19882
19884
19887
19888
19890
19892
19894
19895
19896
19897
19898
19899
19900
19906
19908
19909
19910
19912
19913
19914
19915
19916
19918
19919
19920
19922
19923
19925
19926
19927
19929
19930
19931
19940
19941
19945
19946
19947
19949
19951
19953
19954
19957
19958
19961
19962
19963
19964
19965
19968
19969
19970
19974
19975
19976
19977
19978
19979
19980
19982
19984
19985
19987
19989
19990
19991
19992
19993
19994
19998
