Loading matrix data from RMSD_Matrix_Ecm29.data.bin ...  Done
[   0.91527873    3.41527873    5.91527873    8.41527873   10.91527873
   13.41527873   15.91527873   18.41527873   20.91527873   23.41527873
   25.91527873   28.41527873   30.91527873   33.41527873   35.91527873
   38.41527873   40.91527873   43.41527873   45.91527873   48.41527873
   50.91527873   53.41527873   55.91527873   58.41527873   60.91527873
   63.41527873   65.91527873   68.41527873   70.91527873   73.41527873
   75.91527873   78.41527873   80.91527873   83.41527873   85.91527873
   88.41527873   90.91527873   93.41527873   95.91527873   98.41527873
  100.91527873  103.41527873  105.91527873  108.41527873  110.91527873
  113.41527873  115.91527873  118.41527873  120.91527873  123.41527873
  125.91527873  128.41527873  130.91527873  133.41527873  135.91527873
  138.41527873  140.91527873  143.41527873  145.91527873  148.41527873
  150.91527873  153.41527873  155.91527873  158.41527873  160.91527873
  163.41527873  165.91527873  168.41527873  170.91527873]
0.915278732777
3.41527873278
5.91527873278
8.41527873278
10.9152787328
13.4152787328
15.9152787328
18.4152787328
20.9152787328
23.4152787328
25.9152787328
28.4152787328
30.9152787328
33.4152787328
35.9152787328
38.4152787328
40.9152787328
43.4152787328
45.9152787328
48.4152787328
50.9152787328
53.4152787328
55.9152787328
58.4152787328
60.9152787328
63.4152787328
65.9152787328
68.4152787328
70.9152787328
73.4152787328
75.9152787328
78.4152787328
80.9152787328
83.4152787328
85.9152787328
88.4152787328
90.9152787328
93.4152787328
95.9152787328
98.4152787328
100.915278733
103.415278733
105.915278733
108.415278733
110.915278733
113.415278733
115.915278733
118.415278733
120.915278733
123.415278733
125.915278733
128.415278733
130.915278733
133.415278733
135.915278733
138.415278733
140.915278733
143.415278733
145.915278733
148.415278733
150.915278733
153.415278733
155.915278733
158.415278733
160.915278733
163.415278733
165.915278733
168.415278733
170.915278733
0.915278732777 0.0 0.0 1.0
3.41527873278 0.0 0.0 1.0
5.91527873278 0.0 0.0 1.0
8.41527873278 0.0 0.0 1.0
10.9152787328 0.0 0.0 1.0
13.4152787328 0.0 0.0 1.0
15.9152787328 0.0 0.0 1.0
18.4152787328 0.0 0.0 1.0
20.9152787328 0.0 0.0 1.0
23.4152787328 0.0 0.0 1.0
25.9152787328 20.705 0.551673036164 0.00420908841467
28.4152787328 44.735 0.19346415456 0.0153627335107
30.9152787328 48.485 0.0759330684162 0.018542799473
33.4152787328 52.7 0.0595393363749 0.0192667651138
35.9152787328 63.185 0.0519157678668 0.019660608519
38.4152787328 66.045 0.0326612944612 0.020928184142
40.9152787328 71.665 0.0249217288016 0.0216278635836
43.4152787328 74.405 0.211378420851 0.0150170625624
45.9152787328 71.46 0.271447018619 0.0114192307178
48.4152787328 86.325 0.180662914944 0.0156233145223
50.9152787328 79.125 0.135358664725 0.0141415248393
53.4152787328 76.4 0.378506106006 0.00622715129398
55.9152787328 81.435 0.10312262674 0.0115251336583
58.4152787328 88.02 0.147106822586 0.0102518236549
60.9152787328 93.04 0.217015479851 0.0087292553702
63.4152787328 99.495 0.202769835852 0.0126320376691
65.9152787328 99.815 0.13112427177 0.0142534549004
68.4152787328 91.71 0.457992864758 0.00524783492473
70.9152787328 94.215 0.471858782125 0.00508733618302
73.4152787328 96.76 0.481655486407 0.00497550327363
75.9152787328 98.97 0.399043768832 0.00596324539126
78.4152787328 99.585 0.361761924665 0.00644890509031
80.9152787328 87.67 1.0 0.0
83.4152787328 92.005 1.0 0.0
85.9152787328 94.61 1.0 0.0
88.4152787328 96.19 1.0 0.0
90.9152787328 97.185 1.0 0.0
93.4152787328 98.12 1.0 0.0
95.9152787328 99.05 1.0 0.0
98.4152787328 99.565 1.0 0.0
100.915278733 99.655 1.0 0.0
103.415278733 99.795 1.0 0.0
105.915278733 99.915 1.0 0.0
108.415278733 99.96 1.0 0.0
110.915278733 99.995 1.0 0.0
113.415278733 100.0 1.0 0.0
115.915278733 100.0 1.0 0.0
118.415278733 100.0 1.0 0.0
120.915278733 100.0 1.0 0.0
123.415278733 100.0 1.0 0.0
125.915278733 100.0 1.0 0.0
128.415278733 100.0 1.0 0.0
130.915278733 100.0 1.0 0.0
133.415278733 100.0 1.0 0.0
135.915278733 100.0 1.0 0.0
138.415278733 100.0 1.0 0.0
140.915278733 100.0 1.0 0.0
143.415278733 100.0 1.0 0.0
145.915278733 100.0 1.0 0.0
148.415278733 100.0 1.0 0.0
150.915278733 100.0 1.0 0.0
153.415278733 100.0 1.0 0.0
155.915278733 100.0 1.0 0.0
158.415278733 100.0 1.0 0.0
160.915278733 100.0 1.0 0.0
163.415278733 100.0 1.0 0.0
165.915278733 100.0 1.0 0.0
168.415278733 100.0 1.0 0.0
170.915278733 100.0 1.0 0.0
55.9152787328 0.10312262674 0.0115251336583 81.435
