1 ecm29(1217)-ecm29(1475) 64.55 0.00 64.55 0.00
2 ecm29(502)-ecm29(1099) 61.67 15.56 54.76 19.91
3 ecm29(852)-ecm29(1217) 60.40 0.00 60.40 0.00
4 ecm29(856)-ecm29(1217) 56.18 0.00 56.18 0.00
5 ecm29(980)-ecm29(1217) 55.06 0.00 55.06 0.00
6 ecm29(852)-ecm29(1099) 49.66 0.00 49.66 0.00
7 ecm29(856)-ecm29(1099) 47.93 0.00 47.93 0.00
8 ecm29(1475)-ecm29(1647) 40.35 0.00 40.35 0.00
9 ecm29(980)-ecm29(1036) 39.61 3.28 39.18 3.44
10 ecm29(1475)-ecm29(1585) 35.76 0.00 35.76 0.00
11 ecm29(1534)-ecm29(1647) 35.72 0.00 35.72 0.00
12 ecm29(1438)-ecm29(1544) 34.02 0.00 34.02 0.00
13 ecm29(1438)-ecm29(1534) 33.84 0.00 33.84 0.00
14 ecm29(1158)-ecm29(1222) 29.52 0.00 29.52 0.00
15 ecm29(1475)-ecm29(1544) 29.51 0.00 29.51 0.00
16 ecm29(1585)-ecm29(1647) 24.85 0.00 24.85 0.00
17 ecm29(879)-ecm29(949) 24.53 0.00 24.53 0.00
18 ecm29(1479)-ecm29(1534) 21.74 0.00 21.74 0.00
19 ecm29(1243)-ecm29(1290) 21.74 0.00 21.74 0.00
20 ecm29(1243)-ecm29(1280) 19.78 0.00 19.78 0.00
21 ecm29(1229)-ecm29(1243) 19.64 0.00 19.64 0.00
22 ecm29(502)-ecm29(1438) 19.34 12.57 30.95 17.79
23 ecm29(285)-ecm29(694) 18.82 2.51 18.14 2.88
24 ecm29(1534)-ecm29(1585) 18.07 0.00 18.07 0.00
25 ecm29(1036)-ecm29(1217) 16.75 2.79 17.16 2.85
26 ecm29(1233)-ecm29(1243) 16.24 0.00 16.24 0.00
27 ecm29(285)-ecm29(370) 15.06 3.64 17.42 3.41
28 ecm29(491)-ecm29(502) 14.93 0.00 14.93 0.00
29 ecm29(370)-ecm29(410) 14.43 0.00 14.43 0.00
30 ecm29(410)-ecm29(450) 14.09 0.00 14.09 0.00
31 ecm29(573)-ecm29(694) 13.98 4.30 13.45 4.01
32 ecm29(1664)-ecm29(1676) 13.35 2.66 13.55 2.72
33 ecm29(46)-ecm29(57) 13.27 2.27 13.29 2.24
34 ecm29(1719)-ecm29(1726) 13.02 0.00 13.02 0.00
35 ecm29(1438)-ecm29(1475) 12.85 0.00 12.85 0.00
36 ecm29(285)-ecm29(336) 12.59 2.01 12.81 2.11
37 ecm29(313)-ecm29(414) 11.67 3.28 11.42 3.26
38 ecm29(57)-ecm29(70) 11.60 1.40 11.66 1.46
39 ecm29(56)-ecm29(70) 11.60 1.40 11.66 1.46
40 ecm29(304)-ecm29(315) 11.40 1.34 11.46 1.40
41 ecm29(301)-ecm29(313) 11.40 1.34 11.46 1.40
42 ecm29(313)-ecm29(325) 11.21 1.27 11.22 1.25
43 ecm29(313)-ecm29(321) 11.21 1.27 11.22 1.25
44 ecm29(304)-ecm29(325) 11.19 1.24 11.17 1.26
45 ecm29(304)-ecm29(321) 11.19 1.24 11.17 1.26
46 ecm29(1544)-ecm29(1585) 10.68 0.00 10.68 0.00
47 ecm29(370)-ecm29(414) 9.52 0.00 9.52 0.00
48 ecm29(392)-ecm29(436) 9.46 0.00 9.46 0.00
49 ecm29(1497)-ecm29(1542) 9.33 0.00 9.33 0.00
50 ecm29(336)-ecm29(370) 9.11 2.71 9.39 2.76
51 ecm29(1217)-ecm29(1222) 8.99 0.00 8.99 0.00
52 ecm29(1534)-ecm29(1544) 8.70 0.00 8.70 0.00
53 ecm29(852)-ecm29(858) 7.84 0.00 7.84 0.00
54 ecm29(1233)-ecm29(1280) 5.95 0.00 5.95 0.00
55 ecm29(1229)-ecm29(1280) 5.76 0.00 5.76 0.00
56 ecm29(67)-ecm29(70) 0.00 0.00 0.00 0.00
59 ecm29(852)-Rpt1(407) 78.18 12.86 21.92 9.50
60 ecm29(694)-Rpn1(397) 20.95 4.55 45.59 16.74
61 ecm29(285)-Rpt5(372) 18.60 3.73 20.28 3.99
62 ecm29(67)-Rpt5(56) 13.54 3.53 13.21 3.52
63 ecm29(57)-Rpt4(7) 13.50 2.50 13.53 2.56
64 ecm29(46)-Rpt5(16) 13.46 2.52 13.48 2.52
65 ecm29(392)-Rpn10(365) 9.43 3.86 9.67 3.99
