1538.95 1
1540.29 5
1541.64 7
1542.98 6
1544.32 9
1545.67 18
1547.01 24
1548.36 37
1549.7 47
1551.05 53
1552.39 51
1553.73 70
1555.08 62
1556.42 88
1557.77 78
1559.11 85
1560.45 92
1561.8 85
1563.14 88
1564.49 85
1565.83 85
1567.17 74
1568.52 51
1569.86 60
1571.21 76
1572.55 66
1573.89 50
1575.24 54
1576.58 44
1577.93 40
1579.27 52
1580.61 41
1581.96 58
1583.3 56
1584.65 73
1585.99 93
1587.33 93
1588.68 128
1590.02 158
1591.37 222
1592.71 286
1594.06 337
1595.4 435
1596.74 514
1598.09 702
1599.43 803
1600.78 897
1602.12 1134
1603.46 1267
1604.81 1343
1606.15 1535
1607.5 1641
1608.84 1888
1610.18 2011
1611.53 2022
1612.87 2013
1614.22 2197
1615.56 2106
1616.9 2111
1618.25 2134
1619.59 2231
1620.94 2137
1622.28 2097
1623.62 1978
1624.97 1895
1626.31 1816
1627.66 1696
1629 1661
1630.34 1554
1631.69 1568
1633.03 1493
1634.38 676
