1545.14 1
1546.39 2
1547.65 5
1548.91 6
1550.16 13
1551.42 11
1552.68 15
1553.94 30
1555.19 28
1556.45 41
1557.71 46
1558.97 43
1560.22 59
1561.48 62
1562.74 67
1563.99 73
1565.25 98
1566.51 72
1567.77 88
1569.02 86
1570.28 77
1571.54 63
1572.79 58
1574.05 72
1575.31 71
1576.57 83
1577.82 64
1579.08 74
1580.34 81
1581.6 110
1582.85 130
1584.11 145
1585.37 214
1586.62 286
1587.88 354
1589.14 484
1590.4 603
1591.65 713
1592.91 819
1594.17 962
1595.42 1082
1596.68 1134
1597.94 1244
1599.2 1387
1600.45 1455
1601.71 1597
1602.97 1628
1604.23 1704
1605.48 1779
1606.74 1834
1608 1897
1609.25 1944
1610.51 1883
1611.77 1959
1613.03 2000
1614.28 2063
1615.54 1961
1616.8 2014
1618.06 2011
1619.31 1950
1620.57 1841
1621.83 1876
1623.08 1766
1624.34 1709
1625.6 1678
1626.86 1599
1628.11 1439
1629.37 1489
1630.63 1373
1631.88 1449
1633.14 1439
1634.4 715
